1.0214363302
2.70002541716
3.43131629545
3.08752538621
3.14021845373
2.55061115336
1.56371727917
1.73260566848
2.23767885213
2.0698763124
2.51895710101
2.40456037961
2.15966454756
1.44624510185
3.92992499003
4.41906880948
4.00036071844
3.45037877133
4.46792176117
2.7468730638
3.20665070074
4.59920500809
2.71029219006
4.4907539376
3.97616346111
4.36944728133
3.32891296964
4.41134314199
3.65921107555
2.32389543722
3.75946910625
3.48583361079
3.57181970072
4.13158078179
3.17099578083
3.76322195713
3.57556012232
4.28993972595
3.31769319904
4.40714528638
3.32860607475
3.7451615396
3.24751220179
4.12335055581
3.54028043649
2.99072259536
3.51263656524
1.84858022312
3.70510536057
3.75323026195
3.92668481374
3.22925795152
2.9572322414
2.33361437643
3.47277072829
3.40873730443
3.05341759787
2.15520622015
1.94065892687
2.8082341859
3.03204952399
2.36290638899
2.92461847182
1.29322331565
1.70711069791
0.505534798661
2.85434967281
3.72709779816
1.89600282155
3.88218841156
3.43054402307
2.6781470862
2.29739247029
3.41899846189
1.78934141011
2.04063222832
2.59261730476
3.67502581652
3.42455534278
1.82207371778
3.74430562687
2.60567642559
2.33917815143
1.69978049961
1.21465178661
2.14532394905
1.88393903899
3.70633173417
0.778499639026
2.18455034609
1.80336258874
4.06306503745
2.59062342306
1.69906594589
3.5794547872
1.42157385096
3.56638686456
2.91019754861
1.86178341926
1.72895903838
1.87803663754
1.64418598403
2.83264259475
1.70705125429
1.91688527964
2.666450823
1.15117136223
1.36143555232
0.121087236862
0.102727791657
0.262221977846
1.55539479236
0.981942590635
1.57600924801
0.325484096002
1.50566142426
2.11793979478
1.54701796976
1.70091483495
3.07018088577
0.982432121148
2.71799175722
2.19191225332
0.994475109639
1.226822247
1.07741920813
1.92440221596
1.48265407163
1.19407639752
3.19986423571
1.40774551539
0.0914256716453
0.344315187045
0.408818436714
2.38540136213
0.637036505687
0.677823445105
3.55062901231
1.8951602989
0.824923829575
1.49781690791
1.56330174226
3.21463264437
4.55567196045
2.94790938224
3.89569465372
4.00428336535
3.47513859429
3.94667145233
3.51760077564
4.17456346501
3.68742601449
4.08986966356
2.32161229336
4.80297169228
2.83930077924
3.5586138759
3.61795473583
4.412346515
3.53486623937
4.412346515
3.53486623937
4.30927842381
3.27433831885
4.05868855755
4.67531847979
4.82187397099
3.16227685477
4.41761287576
4.09350970717
4.68397408619
2.63941833662
3.2916899829
3.2916899829
3.32331322192
3.2916899829
4.09063502673
4.27325902875
3.8209434004
4.3657598128
4.1581287623
4.68397408619
4.09063502673
1.91155841289
3.3647067452
3.47852075967
3.47852075967
3.16227685477
3.7523633095
3.41592765496
3.47852075967
3.47852075967
4.8933767651
3.09403530936
3.86980638835
4.23265275314
4.06117308239
3.01734566474
3.28721098494
3.41592765496
2.56939184213
2.93690355899
3.31512157549
4.46719524837
2.88362002513
4.412346515
3.0971000662
1.99975827685
3.30016498883
4.68397408619
4.34682952199
4.18761090957
2.11399799917
2.75756304214
4.412346515
4.74949598679
2.17549175918
2.16085314611
4.18931467543
3.89993947151
4.05059165308
3.6431223497
3.09301566859
2.72037975052
4.00970076746
3.45170621374
2.40635105289
4.74440279819
3.43057992769
4.01153958258
3.66532068384
3.90043891641
4.00428336535
2.37636424626
2.92115366196
3.21463264437
3.85886743245
3.7856369709
3.67264079699
4.0441921212
4.33085358308
2.60746782813
1.95678195536
2.68004019674
2.28522772321
3.97277158553
1.99975827685
3.33405089969
3.12441865702
3.69706973812
2.82395938864
3.04512293571
3.31545423364
3.82452545528
3.95650167044
3.62759723519
2.54729514389
4.25116573538
4.6499258951
3.71043376433
2.93568090889
3.65904418441
2.78141576257
2.78141576257
0.518790370649
2.92315387956
3.04512293571
2.92315387956
2.73667974913
4.42368761534
2.06419268267
2.63941833662
2.02611524437
2.06419268267
4.50977458678
4.25952145277
1.33642487662
4.25582345464
3.53113651694
3.42550314007
1.82668365495
1.60615153965
1.61325287159
3.33405089969
1.53560709033
3.87788171391
4.2565221363
3.22699410482
4.31949216706
4.17778000766
3.6354872337
4.16274803562
3.57466877653
2.56640683195
3.04512293571
1.04933440881
2.92315387956
3.14077014736
4.01032677344
4.06696068123
2.28113142854
1.43234241721
1.43234241721
3.2916899829
1.24777567142
3.29651755612
3.28737376749
1.68142744833
3.22699410482
4.12804314955
3.22699410482
1.7111350402
4.19561560013
1.63725166812
3.13892716893
2.79609623611
4.38771229807
3.73696526604
3.1470465772
2.64111698278
3.54895756837
3.60435637046
1.97356400382
1.91155841289
2.06419268267
3.16054215851
3.21463264437
2.83366784008
2.56236243883
3.04512293571
1.04933440881
3.04512293571
4.39119258695
4.25582345464
4.19563957743
3.18602920393
2.93031749419
4.4736015458
0.507787374589
3.33008842365
4.12820217879
1.04933440881
2.64111698278
4.10032767081
2.88655583198
4.01179716673
4.60228815681
2.79039314151
3.4791053519
3.44763628855
2.99578387035
3.04512293571
3.75980857937
2.14638800298
1.91929933999
3.42550314007
4.03147385953
1.49081991992
4.59762422733
3.1847520706
3.18768319842
1.86127838445
4.11718983923
4.08689848483
3.99778874223
4.00032531437
3.87007011915
4.02897635315
3.88947618573
2.05839359639
2.97096198874
3.47024597855
3.92740919267
3.63028871828
4.24585732813
2.16085314611
2.28816042697
1.42100938537
2.12262510181
4.19561560013
2.46025224689
2.3817998522
3.19203471991
3.60558183782
3.62103579291
3.32240585741
3.77087001332
1.56175433085
2.41364463439
3.04115866964
3.95696020038
3.07490834634
1.61134481933
4.08587102869
2.35765287488
0.914827326767
3.16043479152
3.78263099657
3.39311954738
2.21451056691
3.45170621374
4.05954283856
0.678066571832
3.57710449292
3.2970749047
2.03438342579
1.46754523452
1.57920031411
1.80168856743
1.93771760917
4.19688891619
4.14900263037
3.56286285673
3.08081784215
1.71760700321
3.42550314007
3.32207849381
2.16842461153
2.72898177715
1.92122010034
1.44419264029
3.96932644127
3.01352494023
3.21331391086
3.58376257733
3.38662669393
3.06764359613
3.01195993748
4.00301377288
1.98522874573
2.90050143503
3.27199658961
2.45871166077
1.84526869568
1.40619921195
2.14319908252
2.95994531069
3.87885377035
2.26287367688
3.6315843732
2.35563853802
0.902396836031
1.89756269382
3.108879031
3.04933834259
3.41811850197
3.17177127308
3.39397550773
3.54472236832
1.32490109011
2.19313525413
2.19298990261
1.451406015
4.12820217879
3.35228300978
3.52586261044
3.66288091186
2.55664502622
1.0792368659
2.24344836323
2.88469690645
3.54016323295
1.72978646583
3.80538936835
2.87578257107
2.65092821903
2.65290424534
1.24550850764
1.04933440881
1.36597972594
2.10063320157
2.18718329256
0.652585527601
1.35936647532
2.59222170639
1.86384655804
3.82576765399
4.32646161713
4.26417589657
2.07085200876
4.60940913159
1.82668365495
1.97334979448
2.28816042697
2.44679183336
2.87888250136
4.04083979611
3.99785100492
4.09660908805
2.1163320178
1.67419255646
2.69594986514
3.31675675285
3.23347911233
1.01772268686
2.95536210983
1.93771760917
1.7111350402
1.49778262446
2.36582292248
1.88703743011
1.98515971891
3.61240651895
3.75187569842
4.04321050945
2.57766683165
2.5562841827
0.756770841836
0.694080944451
3.38620843254
0.819591109481
2.84905320459
0.602186517965
1.77871090963
0.54199068666
0.767180218822
2.17229976316
2.43868378718
3.45651817161
1.25329523819
0.720138003424
1.76196639848
2.18236995334
3.0813266748
1.92130391634
1.76163258998
-0.416596447567
2.55701552031
3.7490256616
3.63968705141
2.42394680108
3.75117044307
1.72978646583
0.300555989699
1.9979910202
4.03248114662
1.64402802799
2.68004019674
1.2958788142
3.80215703172
3.83712051709
1.80650264194
3.53470740378
3.6771658132
3.84650461892
2.10896898985
1.11684031424
3.72474846006
2.47744735531
3.5007225106
3.96167867933
4.253413218
1.98794717796
3.30603051269
2.24973796854
3.35758100616
3.44653708022
2.99618763184
2.73725916625
1.86263171842
3.70713113563
2.20256669074
2.69531448405
2.26451202134
1.28240882613
3.22909680089
2.10635853145
1.30567075143
3.31163522163
1.01870357387
0.137994302688
3.76022994019
3.79011538953
1.99235892784
3.69450959996
3.64143284742
2.74135501019
1.76221088943
3.37576067252
4.12887769194
1.95930899798
3.26949577939
3.57779703373
0.993475939472
2.79598907456
2.0471311903
3.81332887942
1.24656701739
1.91606999336
0.616179132927
0.923755952435
1.3050866422
0.507787374589
4.06908772336
1.51625522189
2.3018749164
3.22246800051
3.91935792304
1.90451920385
2.47163231194
3.42496478704
3.53286295387
2.80612670898
2.70687619984
1.92322207923
1.72978646583
1.78917370568
2.13678429244
2.81444470058
3.14357551007
3.05214725635
2.19046740261
2.32025392757
1.22477698177
-0.12460375951
1.89042717869
1.80636530177
3.65772928392
1.80725940023
2.27116708014
1.92292231777
2.07285790106
4.16669865546
3.38831072534
1.04659534124
1.99816743548
3.75438092462
3.43984228653
2.95350425944
4.20808993291
1.47140676632
2.64118371627
2.36543136259
0.398294854179
3.51454308663
0.845378506236
1.4545288534
2.02813429642
3.06552471529
4.28678750464
3.47482733192
4.28706822618
3.12616234836
3.24143865085
2.45255212937
2.63010239903
4.10155320587
1.47225901573
1.06683765373
3.57935786305
2.48533176539
2.0930458402
0.722932875362
1.5622919709
3.83595895056
3.24385603178
2.84767620129
2.72786557732
3.42733318873
1.34778022928
2.66918792401
1.01937870381
0.83128364697
2.8645642272
1.98798583838
2.4581740799
1.95925361419
3.87220164091
2.57333379987
2.88949630146
3.00441107402
3.47489302893
1.38164984871
0.702501954164
0.442201498105
0.980686332999
1.80790715942
3.21822299376
1.10498030998
1.26309949169
2.16100530698
2.06828973842
1.56904288731
1.95638432618
0.305003621554
2.4679733068
1.85160888344
0.248927826564
2.58939397655
0.258804900568
3.95681647375
0.410262583185
0.465793141497
2.63772475596
2.95878290677
0.886403503116
4.29117688664
3.49795295395
0.921876830196
2.41969536689
1.29747932412
0.916862291322
1.84220140417
2.77658572775
2.33189825237
3.7697036696
1.27358717609
1.75382179524
1.75380143696
1.9392193586
2.92178666377
2.18438866535
4.43366862731
0.638999724776
1.81183350039
2.54188100061
2.65781320408
0.218343574776
2.01714023279
3.23439708997
3.63588560019
1.99449433021
3.21131561829
2.71542791268
1.47020904299
3.08071110412
3.90152505907
3.3976343441
3.08381882276
2.39797366015
0.618262602434
1.95967720107
1.96856794478
3.41993864745
2.55619020591
1.42352602446
0.543081602223
1.99179772958
2.15957303332
2.92529376197
3.2517309017
2.19469756132
1.27352112256
2.33591800921
2.63147797332
0.705943330036
2.57600328067
3.26442675324
2.32399296326
2.71760697238
1.71912035959
0.905114650712
1.056083209
3.79165887541
1.34665390338
1.41059435892
0.18747485632
0.688588434973
1.4206475697
0.465793141497
0.83128364697
1.59835389081
2.15964260991
3.89042646815
1.03236373725
0.814569058763
0.469463202964
0.309849227504
-0.0120146020247
2.16127104387
1.99143127526
3.96963592725
2.64341321842
1.65225768625
3.35256016312
0.194532949515
1.50933076411
0.188542464197
2.30822623196
0.537150281278
1.07777177904
0.951649403749
0.232968082744
2.7464314092
1.83206318987
4.00004513761
2.65330432843
1.64878719468
1.97344590204
1.64824668107
0.349158682993
0.52842159935
1.68168610848
0.638402208181
3.30651163088
3.78491245861
1.91692476942
3.37087932342
1.08698723923
3.24119754303
0.923019587845
0.785575962982
2.96289617387
0.0884300261756
1.70525439192
1.69714928186
2.7294226152
1.73019794644
2.54188100061
0.649926128645
2.13398937272
2.50968435285
3.46438886174
3.35321184906
2.04745405073
3.34699137991
1.76145770186
4.51208181182
1.45769442965
2.26423114882
2.3326571544
2.5354630481
2.11683887204
0.394245478691
2.43172511719
2.04730911642
2.25493201569
2.84102619843
0.275722664521
0.721541301321
3.06390203697
1.18424768275
2.1613217639
2.05414568745
2.53951493821
2.85347709733
3.62382206234
0.534970325325
0.0220688376187
3.40131402446
3.17813357677
1.75371116098
2.43935879327
2.27622385195
3.22980695939
2.17430715601
1.20056264438
3.45521803418
3.11517192893
1.79236500278
1.72526923624
1.61223677734
2.18026445652
1.3695584741
0.669408876727
0.7946627788
3.11548824566
1.17112357656
0.0954199430368
0.823286540176
0.940248526783
1.92763657049
0.57794742292
0.590864101692
3.60540093329
1.46767374431
1.5167248982
3.05577899812
1.63444536298
1.25355768048
2.8148585142
0.886178470746
2.32578507006
1.62997833839
1.0076033617
1.89760475902
1.99107047664
0.455465635087
4.00300985009
2.5523248356
3.10082277534
3.26781780491
1.45833408866
0.823102034318
2.13331940639
1.19246814754
1.24275238288
0.88658260637
0.551194386077
1.04554232204
1.62956603149
0.456273642079
4.00050179995
4.37118323954
3.84297343818
4.12902619585
3.73422323586
4.29156224583
4.15246801208
1.88047746815
4.35255226389
4.48252392091
4.05807373762
2.87021884325
4.55515792594
5
3.3794683092
3.3932302939
3.50844594287
4.62002510299
4.54070179568
3.84188297794
4.74463189878
2.45732792634
4.62802066176
3.24894432065
4.0399319093
2.9718828231
2.1161397284
3.54711298675
4.79568963813
3.04644059181
4.39446863232
2.93408080187
4.44837386866
4.35388781486
3.64991703156
3.53824593143
2.92545856157
4.04219781788
3.44688741568
4.63279064728
4.23283842779
3.896416771
4.67967082045
3.41210514837
4.55338870691
3.88734605837
4.90062878567
4.07496288894
4.09058720086
4.49652470469
4.12217052907
4.28531382087
4.02687106634
3.87737233365
1.57769530089
3.9705823489
3.6124607509
2.50791228302
2.22328107891
4.47746277251
3.07590705732
4.23460651063
4.29213011393
3.582134823
4.65435558308
4.16534475128
3.45445658872
3.5590235465
4.69715189487
4.81942666735
4.19828081571
4.62742313439
4.08588362208
2.67159508205
4.28244890668
4.60283334687
3.62673063218
1.45187750395
3.49051044326
4.08890802198
4.07204564506
3.8974962163
4.32879569769
4.68456268687
3.53759445881
4.99048615923
3.44166548963
3.05900183483
3.72466987104
4.1600192945
3.5766667467
3.91714527476
2.20225030929
3.83612650517
3.09987657445
4.90062878567
4.31845787691
4.73664652565
4.36381434947
4.13044146172
3.68012819942
4.1237004159
4.18706546589
4.07852429039
4.39322899038
4.90033044304
4.21409530147
2.48294760863
4.58330120656
4.74051801913
4.00597077996
2.27673310805
4.32365482143
4.31755466589
4.36539564321
4.19526643446
4.42772896066
2.95645065719
3.65457308133
2.53795889288
1.16267407361
3.8138411664
3.59890879633
3.65885141054
3.79409068602
2.85223975223
3.98095494256
4.29683681386
4.54819645378
4.34133892351
4.23835546325
4.79317709381
3.86245210517
4.35563076303
4.39933759211
2.88599381708
4.34910300681
4.71386323315
2.82433841068
3.13055557677
4.4009387622
3.05007201066
4.21965055381
4.04231087412
4.30884542285
4.85833357336
4.73447703819
3.96867764609
4.39540975654
3.87857309019
4.85250519853
1.34009359092
3.01831988401
4.56044238105
3.78481758947
4.00579426404
3.71766330636
4.48139380187
4.9892316871
3.07953271533
4.19105267777
2.83584901753
5
4.81964294236
2.97418555308
3.66782605364
3.03862206962
3.84519285653
4.26511099246
3.93444824226
2.95059189731
1.33756984876
4.25675498142
4.68118300265
4.58462983014
4.85060912993
3.14032184175
1.98928384493
3.68627671485
3.99155819639
3.66127738745
3.81608118203
2.32480906039
4.53368554844
3.17241544638
2.00789055558
4.27104160424
3.07061341712
3.60788141414
3.0335810614
3.00099400661
3.03855208611
4.51780536489
2.93466745144
4.16689514495
4.12217052907
4.46192141356
3.45107216865
4.82790014548
4.32683250955
3.91442580813
3.38507504131
0.712737162831
3.8311014635
4.33191533377
4.85697450003
3.71611239403
4.55788097954
3.55556562836
3.79055605843
3.1685002787
4.69934356783
3.9705823489
4.07494341126
3.01031980991
4.92190368424
4.22756372226
3.82106388746
3.17583519987
4.54118108555
4.44211483799
3.83222367116
3.70888865915
3.91261421644
4.15381541144
4.60705198947
4.31645731138
5
4.55103698549
4.2853468266
4.00597077996
4.37979836177
4.09602230462
4.12742215945
1.22281073677
2.51922701826
1.34944776408
4.5049711747
4.06186108896
4.05155592291
4.68570120769
4.42506843035
4.42195175941
3.69167786842
3.42259789914
3.99190519784
4.41053417093
4.29140502184
3.25499099191
5
3.52125615032
4.27811528479
3.56859259097
4.78939946336
3.84170265373
4.90062878567
4.53884721388
3.9705823489
3.87113945693
4.31605571331
3.95361031547
5
4.05118774024
3.60299972309
3.08110323133
3.68962578126
4.14836674108
4.85471626857
4.49971819233
3.01944520018
4.94444022593
2.68683868465
3.34476073595
3.60788141414
4.18583957058
3.85393506695
4.02426053145
3.49167024874
4.20064621855
5
4.49102398189
3.34669233153
3.68535004316
3.13505453543
4.50630794102
3.13333474012
4.73518480393
3.84710036058
5
3.78135688814
4.85023220484
3.36144742139
3.94844767133
3.33681442066
3.96031777451
1.34721366794
4.68624842241
4.34401719624
3.33203323015
3.17674647675
4.11671449659
2.45201289898
2.39471927528
2.84542395628
3.92611975909
4.43674398009
3.13127933748
4.48426692677
3.77823790853
4.90088539104
4.76744912424
4.12904263644
3.00782436599
3.53702122103
4.16051912635
4.30813578903
3.68351989069
4.66272761995
3.18599678427
3.52063025494
3.81038684475
2.43408818762
4.79014038601
3.6106858021
3.83715188929
3.99239438326
3.22604006435
4.36337112947
2.3313263198
2.72113013798
1.68463742105
4.03188455789
3.11848167906
4.18549314045
1.32868030536
1.83804618425
3.51009507652
3.77313893037
3.80282422163
2.49609108995
3.50744198591
2.64950676664
4.36587877646
4.10807816254
3.85037409555
4.31678244398
3.92784762845
3.85192176015
2.53619125955
4.3535668971
3.72928791821
4.44163438452
3.59795649684
4.34754672895
3.50124399085
3.91037095458
5
4.79323434869
3.11644269511
4.84680794629
4.83626158407
4.01366816951
2.6909980017
3.5754894692
3.79759207741
3.77076028133
3.14279624824
4.43058129754
2.36413236196
4.22885974877
3.12483808665
4.2149817995
3.2780802624
3.44981436967
4.53894338475
4.43589838256
4.68913664923
4.6220209123
4.39079343947
3.34476073595
3.68010334301
4.41955825076
3.51095148317
3.57932410492
2.87415205031
4.70307935192
3.61589854112
3.56650211004
4.50851457602
4.23007865281
3.35701351954
3.68784723736
4.52811556529
3.53359007828
4.39307352562
2.39330916272
1.97305285416
4.88831537474
3.7858197872
4.71434780494
2.49733787621
3.25029562841
3.30422724021
3.88211961921
3.55173003482
3.9906126463
3.50600370962
4.2561438751
3.88411381774
3.80687764438
3.43080113149
4.39556975165
5
3.49860551119
4.08025250594
4.12380897136
4.44301401654
4.1338402638
4.36174398371
4.07054551294
1.48739396768
3.38186113367
3.52777219384
4.67437186728
3.29405419539
4.62002510299
3.73675370675
3.14800026196
4.34434405976
4.73456795343
1.00287909473
4.24661979774
2.77246379222
3.4643899127
2.77844383538
4.52609865474
4.47895676618
2.82212788131
3.66638893545
3.96451119554
4.22744993926
4.57964930599
4.63840332228
3.338055241
4.65246741523
3.23654101412
3.58561178187
2.64598882506
5
4.87405418511
3.89496779246
4.30852188313
3.87420627841
3.46076240292
3.69853547337
3.81460993787
3.6571114592
3.03957089316
2.60152447433
3.24459444757
3.79292792051
3.80362071875
2.93619058863
3.881136357
3.86553193818
3.81107843402
2.93619058863
3.79475587856
4.45729468961
3.74079161562
4.08151318033
1.45582092779
3.37302295101
3.75443880804
4.29361391607
4.49764587711
2.12230946506
3.49601739434
4.23979683128
4.04558702172
4.95539113336
3.85437839423
3.94113780519
3.21426568072
3.46862528572
3.91577403839
4.04230556521
3.64732155393
1.26212086865
4.2895920167
4.21301493168
3.71398874117
4.52128760742
3.89559791153
4.78431356943
2.50542165038
3.48924315272
3.85833077549
1.74409698693
3.15004320481
4.00613040538
4.36417627437
3.98799791045
4.4726983078
3.52532234989
3.6857618837
2.82770024386
4.7709122874
4.81116885166
3.82296552867
4.78828365502
4.48073828468
3.71611239403
1.40839653137
3.98735096746
2.18477751746
3.22973318909
3.62194165638
3.67996013177
2.13585693607
3.66195735834
4.17119240699
3.27387891947
3.68333568826
1.76044579487
2.84990389351
4.40233784135
3.67095407876
3.54909115817
3.9643273546
4.41958667955
4.8848771204
4.2624359801
3.45826202037
2.66300398519
4.78501852443
3.41824796702
3.95563812677
3.02903969391
4.79486651102
1.34721366794
3.15467204937
3.90374938507
3.8288206936
2.85973418045
4.55252923375
4.02248013665
3.8023622131
4.12217052907
3.58585044149
4.33599885356
2.69584470568
3.47227847211
3.77863029016
4.86324059838
4.68239119726
4.21997525336
4.12554886659
3.34614213198
1.53223898975
4.13038926216
2.30070597004
4.40087133331
4.42372450552
2.17486834004
3.30353828639
2.49733787621
3.13544944844
3.23656464926
4.08890802198
3.38006831345
4.09211534612
4.46071681698
2.96689190573
3.75696661398
4.23153301441
4.08891271687
4.34276710475
3.55807690011
4.09669157625
2.72898858504
3.48900395204
4.00048514755
2.36875312974
2.21277927085
5
3.33203323015
4.37256099144
3.51394287791
3.64107622873
3.58601685163
3.31806207766
4.33706619232
3.4033930762
4.07704437347
4.69514365915
4.07602094937
4.93300948963
4.58547426708
3.93535030459
3.2807547909
4.36381434947
3.5014600658
2.456799623
3.53313932794
2.5688201058
4.3628223532
4.26729404755
4.30409755593
2.9304322918
3.28742230244
3.7740028186
4.13489707973
4.24614904651
2.07362454313
4.50059012918
3.57278070951
3.91714527476
3.82011924504
4.53222690091
2.19491197975
4.21121770234
3.70010648718
3.96958357205
4.13822265627
3.35820308277
4.56823080426
4.11023784896
3.09735255581
4.12440507098
4.91577549264
3.90149104803
4.23101627396
3.68222743893
3.83524942991
4.54955821126
3.44681778303
4.35700533846
4.1386673683
4.21930769321
4.35140853333
4.08983693535
2.4799928889
4.54118108555
4.2131757419
4.20772109092
4.4852310848
4.41318050761
4.12268499241
4.55132091276
3.79847699017
3.87051848933
4.08646577735
4.47895676618
3.50666021638
3.44550528419
2.66524325402
4.86047747414
3.09582726628
4.86396303371
4.73253543687
4.49238308901
4.19900086109
5
4.08433923673
3.35214967186
3.00782436599
4.58347101971
3.38015008677
3.1936691061
2.63822356735
3.1870331953
3.00023885265
4.36305697225
3.19658443603
2.75818974136
2.03446725579
3.948184128
3.79055605843
4.38633721981
3.53232106691
5
4.67310811922
3.37412664879
4.34754672895
3.58952686137
3.52705218377
4.31727178352
3.2249177754
3.56668059861
4.75634177386
3.20306389192
4.38630669542
3.33203323015
3.80687764438
4.14437584796
3.70476045513
3.94454725463
4.42649310721
1.30737807483
4.55515792594
2.05086372007
3.09286269458
3.36156104731
4.65754389219
4.49543669255
4.6070601475
2.89944178683
3.9041381984
4.90032910691
4.65774930232
2.20428763443
4.21815344764
4.90033044304
4.12503978465
3.99579063077
4.1918792155
3.49006681871
3.37676426453
4.44983592393
2.72316111411
3.91244106056
3.39758131209
5
4.31171199593
2.78680096485
3.36030643341
4.77453922056
4.056011912
4.08897861616
3.24704742761
4.90062878567
4.61424793017
2.52657906889
4.3040985286
3.19191948042
3.4275188253
4.01032136841
2.63719246692
2.495298934
3.23009448717
3.65570241873
4.16838191474
3.24153749043
3.95766381983
4.75641204188
5
5
2.87924447157
3.40611397237
3.60196729271
1.7123254006
3.6698516955
3.66420337671
3.35275651681
3.84513131557
1.7829016253
2.8452007876
3.19496479964
4.34349477595
3.68651267398
2.97496520917
4.62523468597
3.88868462455
4.03539945763
2.71506892594
2.40026660733
4.39519211513
4.35549357331
2.86650783907
2.9340891182
3.19636222886
3.57181842683
3.42070957308
3.86339320434
2.20965337955
3.63489528207
3.95688259824
3.97670766588
3.49049806436
3.91176340699
3.44275245145
4.20378822631
3.93804556927
4.55137608987
4.66601915193
3.54829640777
3.15800500479
2.91655639091
2.69632096018
3.33477580794
2.56326760232
3.87231437554
4.00791380998
4.64878309376
3.90699749062
3.24539576578
2.71569490219
2.72109416087
4.77297135529
4.49920404792
4.06218055921
4.47221808165
3.47334730101
4.69396530187
3.84532347287
3.34407965349
3.41506607083
3.09233881512
4.52402290452
4.37234582875
3.77601767251
4.35772704484
3.71025137143
4.24201424761
3.95848172296
3.69238418488
2.35900778503
4.01686647784
2.89745775351
4.04455861111
3.49278537695
3.65466102133
4.01878860264
4.09906305072
3.86393240377
4.42350042819
3.96632378188
3.63153252313
3.65178805738
2.64320834982
3.74733546379
4.19076726525
4.3910193136
3.41283438119
2.91802933247
3.7182149959
3.84714344692
4.6998497646
3.26843314918
3.57138918471
3.82383740997
2.85580286503
4.47031990178
4.08008379096
3.33189419304
2.61186236176
3.52547220966
3.27491393844
4.32304256573
3.32691044411
4.02303892574
3.50345560834
3.41354003935
2.16522560631
4.09983847088
2.7010764768
3.05346338442
3.36333565854
3.14824048853
3.89420830038
4.33110352508
4.21635262407
0.460037959794
4.21592235056
3.85376773192
3.85956684549
4.57640823851
4.37562984653
3.19253138463
3.55256121294
3.4573247637
3.54236295607
4.18886483232
2.84000979172
3.63694693945
3.7971048696
4.31963044791
3.56302641073
3.18438636948
4.58861165955
3.51959795808
4.60608856458
4.12701106357
4.57424516357
3.41987094431
4.48720433634
4.78467964046
3.83567399502
3.03737823332
3.18142482742
4.19592960653
3.86524358341
2.89714604818
3.5203731439
2.77208604039
3.28557671353
4.52548167603
2.86468945465
4.10118836154
2.27325587998
3.5760324343
3.0697437514
2.7830318526
4.42609698682
2.81711969504
4.01498662205
3.58148529043
2.93481687988
3.97429036877
3.6423096345
4.05375579779
3.64854413791
3.68748985843
3.90533559968
2.90272175241
3.98779280097
3.25535039203
3.63185230068
5
3.31256186616
3.42303709547
2.04096019971
3.32302379901
3.69253019638
4.05921102743
3.55830781998
2.64390961555
4.75318758824
3.35691767238
4.36446471785
2.75371852725
4.01584778571
2.50817660749
3.87899804045
4.66783038794
3.55122175434
2.30970535713
2.38179020426
2.02635596192
4.30219357737
4.18084873699
1.88682478644
3.38392060751
3.85909987611
3.24818040117
3.92089251032
4.62083711429
3.04284083586
4.14292928111
4.67764121704
4.32855934051
4.22039595342
4.05492138011
3.61937505005
4.37761014758
4.61103204577
4.32226183111
3.79303181054
3.98248119726
4.24888732863
4.18481633715
1.91765273817
3.76843625473
3.12624657707
4.39407527991
2.84984675447
3.97938832444
4.0560127989
3.37633875674
2.75590670476
4.91618625168
4.02827649486
4.49500595303
2.74851218221
3.02381781082
3.08406423115
4.42569744142
3.34933959636
4.2540000481
3.50244994632
2.56663460944
3.79313429182
4.22931436037
3.67839842326
4.96715807534
4.01312050809
2.8222985784
4.44716880853
3.08140183377
3.42869346166
3.61699279484
3.37651719189
3.80946042255
4.05213679675
3.90293531925
4.46854628003
2.52227055687
4.21043930517
4.54370002837
3.57320325128
3.516639802
4.28011283814
4.3042119285
3.88082036074
4.30922956024
2.50767850164
2.02732971844
3.77780531604
4.14456381342
4.13033351251
2.8026662169
3.43029672855
4.2637324115
2.88571641136
3.88178012357
2.62876127572
2.46729095967
3.75363791483
4.00724017604
1.90921344898
4.31307342239
3.64351114701
3.53072123154
4.21225589828
4.03181851137
3.72647623694
3.02696210247
3.98316135182
4.51971956633
4.52000425419
3.99977724199
3.47665439455
3.58507386342
3.91443228159
3.39660511925
3.10369410165
3.70305810097
2.94958594825
3.6938356741
4.06744727495
2.77408289972
3.58497491643
3.85889233126
4.43471455374
4.44862089277
4.21684173234
3.99455309591
3.71159745884
4.40572006241
2.83378147669
4.16510652185
3.26575453385
4.46594185611
2.84052065287
3.80758146042
3.78038188357
3.30364436614
3.9673609058
4.295738669
3.1517864223
3.86200354913
2.5607685498
1.76742039304
4.0610832996
4.23778262771
3.87463950171
3.75144909426
2.72704061745
3.07630828439
2.51049132496
3.90863968369
3.90404961947
3.09968210729
4.04196510258
3.73768956913
2.64983834044
1.44263138018
2.96331231717
3.89182727485
4.21501027844
2.49414429738
4.56421694692
4.0807502238
3.96829963261
3.43963673037
3.31190547682
3.61975474347
3.12528715432
3.56168486753
3.99894232428
4.41313387134
4.53526277097
4.02285363243
3.59235380388
3.91539774155
2.91869483643
3.99621283711
2.55842015452
3.06268393075
3.6885974275
4.46267369164
4.17946138017
3.79553218068
3.45358804961
3.92847481779
3.26027010908
4.29350051173
2.65336074998
3.93517417294
3.70282439291
5
1.63905696763
3.91423669485
3.63676974017
3.00509425565
1.53075340636
2.97720674865
3.39696330164
4.31849851317
3.3612997833
3.58167802484
4.90118570065
2.82738723663
3.60918101634
4.05120226972
3.2799720463
3.82475057175
3.61943351583
2.84869761953
3.89770819626
1.81494432067
4.05879261561
2.81326385319
4.30339491297
2.42663392235
2.55790484966
4.01490920501
3.6297809745
4.09833798722
4.197793671
1.90592104264
3.44846394915
3.76710341661
4.26011941373
3.43804664277
4.51082034006
3.70984767918
2.91863723289
2.92015841065
3.90449650366
4.18978384849
3.64986641099
3.78359821795
4.36132503834
3.28128769204
2.15858946659
4.05080474252
4.68198108699
4.66596954333
2.85437663851
3.2817594151
3.89991607598
3.86021252639
3.7756088593
3.91885991735
3.43352512691
4.18592196396
3.89934527288
4.3632455707
3.31414391931
3.0262362386
3.55670137377
3.8197979895
3.17517378216
3.91803389773
3.85251146352
4.22071331992
3.38154729355
3.85474017717
2.84668278151
3.55905495246
2.58423121487
4.37173738111
4.56071302314
4.24234401864
2.3921640959
4.10573734494
3.14724229382
4.24850174184
4.18672110315
4.20875719315
2.61320070816
4.41912434282
3.74528744436
2.79565817384
3.70308876803
3.86744416384
2.33005391103
3.52095725693
3.77939725515
4.44562080822
3.84740893439
3.17945611006
3.8703159177
3.33005002304
3.59966700325
3.26524308311
3.31351146108
2.02296080085
4.30271820872
3.44419530528
4.64561413419
3.31859540054
2.25107461181
3.66448455757
3.13724992513
4.2816546481
3.24037646037
4.29651379207
4.43464444534
4.791245314
3.58828750976
3.56043656822
3.55159353511
4.63045193587
4.25992587808
3.43231840761
2.34407033302
3.88679747067
3.38660734893
4.2871433348
3.43505862468
1.5047605222
4.36178490858
3.71635823316
3.93516442217
1.50999313121
3.8655897054
4.53057527846
1.27668558947
3.82652005111
3.66096036064
4.34846509762
2.95788872348
4.51198146539
3.67173475308
4.21708591488
4.18895195788
4.5133327342
2.43802228903
3.06803542845
4.01469367166
2.80517452578
4.08991966837
4.02861842319
3.24377813651
2.58950789637
3.82138910566
2.28193000936
3.42455501814
2.6331685396
3.21661564894
1.74170119079
2.76311107727
4.52379863022
4.25729518042
4.37332595953
2.75672422303
3.23190859472
4.23251825204
3.42616566578
3.53521273113
4.18919714623
1.30382420906
2.06580986636
3.49049806436
3.14336061508
3.25650902409
3.15116953064
4.19147986544
2.13231218229
3.53819355056
3.03063171879
3.79324624141
4.44382739156
4.1006184852
3.97647210758
4.07868325192
3.64452667711
3.88600629344
3.51286162668
3.48258812455
2.76385341105
4.03827211173
3.83361856194
3.41128976619
2.74558676388
4.44965294128
4.23823341506
4.11340237766
3.93703247157
4.31259780019
2.89729159426
3.81094498499
3.87436925762
3.01561354587
3.96240007134
1.88093527278
3.80562668848
4.21427592814
3.38087851293
4.19760551002
4.38671107061
4.55419262846
3.56636441013
3.22997385052
3.47102680076
2.30616922686
3.52787576983
4.35354517718
3.76442248735
2.86989699782
2.8135391006
4.45107867718
3.12657944395
2.80430621584
4.23283360575
4.0030800447
2.56153286217
3.67328712479
3.16513755957
2.12851808254
3.99493469183
4.09792551032
3.90034856362
4.05469942546
4.3121420403
4.9344286047
4.0125737055
4.12006232915
3.34458367313
4.02532160993
3.56865003425
2.94650928285
4.01299185713
4.05830544616
4.20517575078
3.219776062
3.89327711483
3.84932205345
3.686217114
3.73815458221
2.28835677309
4.04792741857
4.08656751255
2.88663420353
3.71089566192
4.23655973237
2.63905464451
3.81349626546
3.59920159636
3.91239239374
4.3559713615
2.9955350113
1.89882944944
2.41152385727
3.89258134767
2.19395555302
3.43491688413
3.5498762447
3.4724463367
3.11827981305
3.7312274531
4.79545584808
3.30555430566
2.67646772167
2.71715605512
4.43748378308
4.14865399766
4.70305872204
4.52363366557
4.31845214647
3.53786445044
2.1265662767
3.68863525029
3.92132617463
3.70843996672
1.4687722295
3.83048828649
4.57637606083
4.44778679367
3.7413870677
3.48828491919
3.96402744755
3.95268360663
3.4724763893
3.77727450818
4.85620821046
2.87031703086
4.19515553094
4.15463331717
3.3963837291
3.85842312919
4.10097477008
2.94772104828
4.53290819743
2.83306557236
3.39161451998
3.63577328947
3.98708106439
4.2769086776
4.32368959191
3.9554045496
2.65173098802
2.89816034819
2.87256056058
3.50737077096
4.99094642969
3.51509431779
4.78648168797
3.49250496597
3.93999050437
3.16214844872
4.38893425767
2.30866139123
3.55608867018
2.98897723426
1.35354948619
4.25181951981
4.18624025905
3.35705402723
4.0049926504
4.15778657125
2.69565098848
3.73620074568
4.70110316903
3.9177103172
4.17892551917
4.39236812109
2.92467206265
3.58864890865
4.41882390833
4.39092510606
3.88268749377
2.12183396752
3.09487910832
2.62218103474
4.67356346301
3.05561997574
3.35220674733
4.58216073845
3.49056767144
1.59324272373
4.44443705753
4.26214671568
3.77721358294
3.89380161226
4.22811820106
3.92208793987
2.82209457661
4.63336020651
3.10469448992
2.83694924552
3.40205938186
3.01782286881
4.25067346264
4.05865091408
3.76052021379
3.35451742962
4.11011254231
3.24945744723
2.18858904302
4.14399061646
3.54450008538
4.28109344545
4.33622635324
3.45853638118
3.10074677235
3.06851988722
3.48142570514
3.11013996902
3.42364484715
3.76075846754
