1.4285714285714284
3.333333333333333
2.142857142857143
0.8333333333333333
4.0
1.4285714285714284
2.2222222222222223
1.6666666666666665
1.875
1.6666666666666665
2.5
1.875
2.142857142857143
3.333333333333333
2.5
0.7142857142857142
5.0
1.1111111111111112
1.0
2.8571428571428568
1.25
4.444444444444445
2.142857142857143
1.5
1.6666666666666665
0.625
0.7142857142857142
0
2.5
1.6666666666666665
2.0
3.0
2.8571428571428568
1.6666666666666665
1.875
0.7142857142857142
2.8571428571428568
1.875
1.4285714285714284
0.7142857142857142
1.6666666666666665
2.5
0.8333333333333333
1.875
1.875
1.0
1.6666666666666665
2.5
1.0
2.0
2.5
1.25
0.5555555555555556
1.0
2.5
1.6666666666666665
2.0
2.5
4.285714285714286
2.7777777777777777
0
1.6666666666666665
2.5
1.1111111111111112
1.1111111111111112
1.1111111111111112
1.1111111111111112
3.5
2.142857142857143
1.6666666666666665
3.333333333333333
3.0
2.0
2.5
0.625
2.5
0
1.6666666666666665
0.7142857142857142
3.5714285714285716
1.0
1.4285714285714284
2.0
0.625
1.6666666666666665
1.4285714285714284
1.6666666666666665
1.0
2.0
2.8571428571428568
1.6666666666666665
1.4285714285714284
3.125
0.0
1.4285714285714284
4.166666666666667
1.0
1.4285714285714284
0
3.333333333333333
1.6666666666666665
0.8333333333333333
3.75
1.5
3.0
2.5
1.6666666666666665
0.8333333333333333
0
2.142857142857143
3.0
1.6666666666666665
2.2727272727272725
2.142857142857143
1.4285714285714284
1.4285714285714284
2.8571428571428568
1.6666666666666665
4.0
3.0
4.166666666666667
2.5
2.0
1.1111111111111112
1.25
2.7777777777777777
3.75
3.125
0
0.625
1.0
2.0
2.142857142857143
0.7142857142857142
2.5
3.75
1.6666666666666665
2.5
0.7142857142857142
2.727272727272727
0.0
3.125
1.875
1.1111111111111112
0.5
3.125
4.090909090909091
1.4285714285714284
2.5
1.4285714285714284
0
4.444444444444445
1.0
1.0
1.6666666666666665
3.125
4.0
3.4615384615384617
2.7777777777777777
2.5
1.4285714285714284
0.8333333333333333
2.142857142857143
1.8181818181818183
2.5
1.25
0.8333333333333333
1.875
1.6666666666666665
2.0
0
1.25
3.333333333333333
4.0
0.8333333333333333
3.0
0.7142857142857142
2.2222222222222223
0.7142857142857142
2.0
4.285714285714286
0.7142857142857142
0.625
0
0
2.5
2.142857142857143
0.0
0
1.25
1.1111111111111112
2.142857142857143
2.0
1.875
1.6666666666666665
0.625
0.7142857142857142
1.0
2.0
1.6666666666666665
2.7777777777777777
1.25
0
1.25
0.8333333333333333
1.4285714285714284
1.6666666666666665
2.5
1.4285714285714284
1.4285714285714284
1.1111111111111112
0.8333333333333333
3.75
1.4285714285714284
2.0
2.2222222222222223
1.4285714285714284
2.142857142857143
2.8571428571428568
1.6666666666666665
2.2222222222222223
0
0.8333333333333333
0.7142857142857142
3.75
2.142857142857143
1.4285714285714284
0.8333333333333333
2.8571428571428568
0.8333333333333333
2.5
2.5
0.7142857142857142
2.5
1.6666666666666665
1.1111111111111112
2.8571428571428568
1.6666666666666665
0.625
2.5
2.0
2.5
2.5
1.25
0.8333333333333333
2.2222222222222223
3.0
0.8333333333333333
1.25
3.333333333333333
0.8333333333333333
2.142857142857143
2.5
3.333333333333333
4.0
0.8333333333333333
2.0
1.4285714285714284
2.5
1.4285714285714284
2.5
0.5
4.0
2.8571428571428568
4.166666666666667
2.8571428571428568
2.142857142857143
2.5
2.5
1.875
2.142857142857143
1.0
3.125
3.0
3.75
1.0
2.0
2.0
3.333333333333333
1.6666666666666665
0.625
2.5
2.0
1.25
1.25
0
0.5555555555555556
2.5
2.5
3.125
0
0
1.25
1.4285714285714284
1.25
1.875
1.0
2.142857142857143
3.0
0.7142857142857142
4.0
1.25
1.875
2.0
3.125
3.5714285714285716
1.5
1.4285714285714284
2.8571428571428568
2.5
0.5555555555555556
1.0
3.75
1.4285714285714284
1.8181818181818183
2.0
2.8571428571428568
2.8571428571428568
2.5
2.142857142857143
3.125
1.6666666666666665
2.0
1.1111111111111112
3.0
0.7142857142857142
1.875
2.0
4.166666666666667
1.4285714285714284
1.6666666666666665
1.4285714285714284
0
1.4285714285714284
2.8571428571428568
0
1.25
0.8333333333333333
1.25
1.0
2.5
0.8333333333333333
1.6666666666666665
2.5
1.25
0.5
0.5555555555555556
0
0.7142857142857142
0.8333333333333333
1.6666666666666665
1.4285714285714284
5.0
1.1111111111111112
1.4285714285714284
4.0
2.5
1.25
0
1.6666666666666665
2.142857142857143
3.5714285714285716
3.5714285714285716
1.25
3.75
1.875
3.5714285714285716
1.25
2.2222222222222223
2.5
0
2.142857142857143
1.25
1.4285714285714284
3.75
2.0
2.8571428571428568
2.5
1.4285714285714284
2.8571428571428568
1.875
0.8333333333333333
3.125
2.8571428571428568
1.6666666666666665
0.8333333333333333
3.333333333333333
2.8571428571428568
2.0
2.0
1.4285714285714284
1.875
0
0.8333333333333333
2.142857142857143
5.0
2.2222222222222223
2.0
2.5
1.4285714285714284
1.1111111111111112
2.7777777777777777
1.6666666666666665
0.625
1.5
2.5
2.8571428571428568
3.75
2.8571428571428568
2.5
2.7777777777777777
0.625
1.25
1.0
0.8333333333333333
2.5
0.8333333333333333
3.333333333333333
0
0.8333333333333333
0.8333333333333333
0.625
1.0
0
1.5625
1.875
3.333333333333333
1.6666666666666665
1.0
0.7142857142857142
1.6666666666666665
0.625
3.0
1.4285714285714284
3.333333333333333
2.0
3.0
1.1111111111111112
3.333333333333333
2.727272727272727
2.8571428571428568
1.25
1.1111111111111112
1.875
2.7777777777777777
2.8571428571428568
1.1111111111111112
2.0
2.8571428571428568
1.6666666666666665
3.333333333333333
1.4285714285714284
1.25
1.4285714285714284
2.5
1.6666666666666665
0.8333333333333333
2.5
2.8571428571428568
2.5
1.25
0
1.4285714285714284
1.0
1.4285714285714284
2.142857142857143
2.142857142857143
3.0
2.142857142857143
1.6666666666666665
1.1111111111111112
1.875
1.4285714285714284
2.7777777777777777
2.2727272727272725
3.333333333333333
2.5
2.8571428571428568
1.4285714285714284
0
3.888888888888889
3.5714285714285716
1.25
4.166666666666667
2.5
1.6666666666666665
2.5
2.5
3.333333333333333
2.5
1.4285714285714284
2.142857142857143
1.875
1.25
0.8333333333333333
2.5
0.7142857142857142
1.0
3.5714285714285716
1.6666666666666665
2.8571428571428568
1.4285714285714284
1.4285714285714284
3.333333333333333
3.333333333333333
2.5
3.333333333333333
1.6666666666666665
2.5
1.1111111111111112
2.142857142857143
3.0
1.0
0.625
0.8333333333333333
1.1111111111111112
3.125
2.0
2.5
5.0
2.2222222222222223
1.6666666666666665
1.5
2.5
2.8571428571428568
0.5
0
3.125
1.4285714285714284
1.25
1.0
1.4285714285714284
1.25
1.0
4.0
2.5
1.6666666666666665
1.25
2.0
0.8333333333333333
3.0
2.0
0.7142857142857142
1.6666666666666665
1.6666666666666665
2.5
5.0
2.142857142857143
2.8571428571428568
1.25
2.5
3.75
1.1111111111111112
0
1.4285714285714284
1.25
2.5
2.2727272727272725
3.333333333333333
1.0
0
1.0
2.5
2.5
0.7142857142857142
1.0
2.0
2.2222222222222223
2.0
0.7142857142857142
3.0
1.6666666666666665
2.142857142857143
2.5
3.0
2.142857142857143
0
1.4285714285714284
0.5555555555555556
2.8571428571428568
3.125
3.333333333333333
2.2222222222222223
2.0
0
3.0
1.25
1.4285714285714284
2.2222222222222223
1.4285714285714284
2.0
4.375
0
1.25
2.5
0.8333333333333333
2.8571428571428568
2.5
2.8571428571428568
2.142857142857143
1.8181818181818183
3.5714285714285716
0.7142857142857142
1.4285714285714284
1.875
2.142857142857143
1.6666666666666665
0
3.4615384615384617
1.1111111111111112
1.4285714285714284
2.0
1.4285714285714284
1.875
3.125
0.7692307692307693
3.125
1.25
2.8571428571428568
1.5
3.0
1.6666666666666665
4.0
0.7142857142857142
2.142857142857143
2.2222222222222223
3.333333333333333
2.5
1.4285714285714284
3.5714285714285716
1.4285714285714284
3.0
2.5
0.7142857142857142
3.0
1.25
2.142857142857143
1.0
2.5
2.5
0.5555555555555556
1.6666666666666665
3.125
1.4285714285714284
2.8571428571428568
1.875
1.875
2.2222222222222223
2.0
0.7142857142857142
0.625
1.6666666666666665
3.5714285714285716
2.0
1.1111111111111112
1.25
0.625
2.8571428571428568
1.6666666666666665
1.0
0.625
3.0
0.625
2.8571428571428568
1.6666666666666665
0.5
1.6666666666666665
0
1.25
2.5
1.875
0.625
2.0
2.142857142857143
2.142857142857143
2.5
1.0
1.875
2.0
4.375
5.0
0.9090909090909092
2.2222222222222223
0.7142857142857142
0.7142857142857142
0.7142857142857142
1.1111111111111112
3.125
2.8571428571428568
1.6666666666666665
2.8571428571428568
4.0
1.875
0.5555555555555556
2.2222222222222223
1.4285714285714284
3.75
1.0
1.1111111111111112
2.8571428571428568
2.727272727272727
1.6666666666666665
2.142857142857143
3.0
1.25
1.4285714285714284
0.625
0.8333333333333333
3.125
2.5
1.6666666666666665
1.4285714285714284
1.25
2.0
3.333333333333333
4.375
1.875
1.25
0
4.166666666666667
2.142857142857143
1.25
2.5
2.5
3.125
1.6666666666666665
3.0
1.0
3.333333333333333
0
2.5
1.4285714285714284
3.333333333333333
2.0
1.4285714285714284
3.125
1.1111111111111112
0.4545454545454546
1.1111111111111112
0.7142857142857142
2.5
0
1.6666666666666665
1.1111111111111112
1.25
1.0
1.875
1.25
0
1.6666666666666665
1.4285714285714284
4.166666666666667
1.875
2.8571428571428568
3.0
2.142857142857143
4.0
0.7142857142857142
2.5
1.6666666666666665
3.5714285714285716
3.333333333333333
1.0
2.5
2.0
2.8571428571428568
2.142857142857143
1.4285714285714284
2.7777777777777777
4.375
2.5
2.8571428571428568
0.8333333333333333
2.5
3.0
3.333333333333333
1.4285714285714284
4.444444444444445
1.6666666666666665
2.8571428571428568
2.6666666666666665
1.6666666666666665
2.0
3.5714285714285716
2.5
3.125
3.0
2.142857142857143
2.2727272727272725
1.6666666666666665
4.0
0.7142857142857142
3.5714285714285716
1.6666666666666665
3.333333333333333
2.5
1.25
4.0
5.0
3.125
2.916666666666667
3.0
2.142857142857143
4.0
1.6666666666666665
3.0
3.125
2.5
1.4285714285714284
3.333333333333333
2.5
2.5
1.875
2.2222222222222223
1.0
2.0
3.75
3.333333333333333
3.75
2.7777777777777777
4.0
2.5
4.166666666666667
3.0
2.2222222222222223
1.4285714285714284
3.333333333333333
0.7142857142857142
4.0
3.333333333333333
3.5
3.0
3.333333333333333
3.0
1.6666666666666665
0.5555555555555556
2.0
3.333333333333333
1.0
2.142857142857143
2.5
1.6666666666666665
3.333333333333333
2.5
2.8571428571428568
3.5714285714285716
1.0
5.0
2.8571428571428568
2.2727272727272725
4.166666666666667
2.142857142857143
3.333333333333333
2.0
1.6666666666666665
1.6666666666666665
0.625
1.6666666666666665
2.5
3.75
1.25
2.2222222222222223
2.142857142857143
2.5
3.0
2.8571428571428568
3.0
2.142857142857143
2.8571428571428568
2.8571428571428568
3.333333333333333
0.625
1.6666666666666665
2.727272727272727
2.0
1.875
1.6666666666666665
1.875
0.7142857142857142
3.333333333333333
1.6666666666666665
2.8571428571428568
1.6666666666666665
2.142857142857143
2.0
2.8571428571428568
1.4285714285714284
3.333333333333333
2.5
2.142857142857143
3.0
3.0
3.0
2.8571428571428568
3.0
3.0
4.166666666666667
1.25
2.142857142857143
0.8333333333333333
2.8571428571428568
1.1111111111111112
1.25
4.166666666666667
3.0
0.8333333333333333
1.875
1.0
2.8571428571428568
3.0
1.6666666666666665
3.5714285714285716
2.142857142857143
2.142857142857143
0.8333333333333333
1.0
0
3.5
1.6666666666666665
2.8571428571428568
2.8571428571428568
2.5
2.5
3.0
3.5714285714285716
2.0
3.333333333333333
2.0
4.0
1.6666666666666665
1.1111111111111112
2.0
3.333333333333333
2.5
5.0
3.333333333333333
2.8571428571428568
3.0
2.8571428571428568
3.333333333333333
2.5
2.5
3.0
2.5
3.5714285714285716
2.142857142857143
2.142857142857143
3.333333333333333
1.875
1.4285714285714284
4.0
0.8333333333333333
4.090909090909091
1.4285714285714284
3.125
1.25
1.3636363636363635
1.875
1.4285714285714284
2.142857142857143
2.8571428571428568
2.7777777777777777
5.0
0.625
2.916666666666667
2.5
3.125
2.7777777777777777
4.166666666666667
1.875
4.285714285714286
0.7142857142857142
0.9090909090909092
2.0
1.25
2.0
1.6666666666666665
1.0
2.8571428571428568
3.5714285714285716
3.0
3.333333333333333
1.6666666666666665
2.5
3.5714285714285716
1.25
2.142857142857143
1.875
2.5
3.5714285714285716
3.333333333333333
3.125
2.5
2.727272727272727
2.0
3.0
0.9090909090909092
4.166666666666667
2.727272727272727
1.25
2.5
2.142857142857143
1.25
4.0
2.8571428571428568
1.875
2.0
4.0
3.5714285714285716
3.0
2.5
3.5714285714285716
2.5
1.4285714285714284
5.0
0.7142857142857142
1.25
2.5
3.5714285714285716
2.5
1.0
3.5714285714285716
2.5
3.5714285714285716
3.125
3.125
4.166666666666667
2.142857142857143
4.0
1.4285714285714284
1.4285714285714284
3.0
4.0
2.142857142857143
3.333333333333333
3.0
2.142857142857143
4.0
3.5
2.8571428571428568
3.5714285714285716
2.8571428571428568
1.6666666666666665
4.0
1.6666666666666665
1.3636363636363635
1.4285714285714284
3.333333333333333
2.307692307692308
2.8571428571428568
2.5
2.8571428571428568
2.0
2.142857142857143
3.0
2.8571428571428568
5.0
3.333333333333333
2.5
4.285714285714286
0.8333333333333333
2.7777777777777777
2.8571428571428568
3.0
3.125
1.0
2.5
1.4285714285714284
2.5
2.8571428571428568
3.333333333333333
2.2222222222222223
2.0
1.6666666666666665
0.7142857142857142
0.8333333333333333
2.2222222222222223
4.0
3.333333333333333
0.7142857142857142
3.5
1.0
4.0
2.142857142857143
1.6666666666666665
0.625
2.142857142857143
1.4285714285714284
2.142857142857143
3.75
2.7777777777777777
3.333333333333333
1.6666666666666665
3.75
2.142857142857143
4.166666666666667
4.166666666666667
2.142857142857143
3.0
3.0
2.142857142857143
3.75
3.0
3.333333333333333
2.142857142857143
2.0
1.6666666666666665
2.8571428571428568
1.5
1.0
3.0
2.142857142857143
2.8571428571428568
3.125
4.0
1.6666666666666665
3.333333333333333
1.25
2.5
3.5714285714285716
1.25
2.142857142857143
3.5714285714285716
2.5
2.0
2.2222222222222223
2.8571428571428568
3.5714285714285716
2.0
2.8571428571428568
1.6666666666666665
2.0
4.285714285714286
5.0
1.6666666666666665
2.5
5.0
0.8333333333333333
2.5
4.0
1.3636363636363635
2.5
3.333333333333333
2.5
1.6666666666666665
2.8571428571428568
3.5714285714285716
1.875
1.0
4.0
0.625
2.2222222222222223
2.5
1.0
2.8571428571428568
3.333333333333333
4.166666666666667
1.4285714285714284
3.5714285714285716
1.4285714285714284
2.5
1.25
3.333333333333333
3.0
5.0
3.0
2.142857142857143
3.5714285714285716
3.333333333333333
1.3636363636363635
2.7777777777777777
1.875
0.5555555555555556
3.0
1.25
2.8571428571428568
1.6666666666666665
3.0
0.9090909090909092
2.5
3.5714285714285716
3.8461538461538463
2.142857142857143
2.5
0.625
1.875
1.0
1.4285714285714284
1.875
2.5
3.0
2.5
4.0
4.0
0.625
3.333333333333333
3.333333333333333
1.1111111111111112
2.5
1.1111111111111112
3.333333333333333
3.0
1.0
3.0
3.0
0.625
1.6666666666666665
2.142857142857143
4.0
3.5714285714285716
1.0
1.0
4.166666666666667
2.8571428571428568
3.333333333333333
2.8571428571428568
1.5
5.0
2.8571428571428568
2.142857142857143
0
2.5
2.8571428571428568
1.0
1.0
2.5
4.0
2.727272727272727
1.1111111111111112
3.5
4.0
3.0
2.142857142857143
0.625
2.8571428571428568
4.0
3.5714285714285716
3.125
2.142857142857143
2.142857142857143
2.5
5.0
3.333333333333333
2.5
2.0
1.4285714285714284
2.8571428571428568
3.333333333333333
3.75
1.0
2.7777777777777777
3.333333333333333
2.8571428571428568
2.5
3.0
4.0
1.6666666666666665
2.5
2.2727272727272725
2.5
4.0
4.0
2.5
2.8571428571428568
2.5
2.2222222222222223
2.142857142857143
3.333333333333333
3.125
3.125
2.5
3.75
2.8571428571428568
4.444444444444445
2.8571428571428568
1.6666666666666665
3.0
1.875
2.5
2.2222222222222223
2.5
2.142857142857143
2.0
2.8571428571428568
2.5
2.5
1.0
3.0
1.4285714285714284
1.0
3.5714285714285716
3.333333333333333
2.8571428571428568
3.5
3.0
3.5714285714285716
2.5
1.6666666666666665
2.142857142857143
4.166666666666667
0
2.8571428571428568
1.6666666666666665
1.875
4.285714285714286
1.6666666666666665
4.0
3.333333333333333
2.8571428571428568
0.7142857142857142
2.5
0.14285714285714285
0.30303030303030304
0
0.17857142857142855
0
0.1724137931034483
0.18518518518518517
0.5
0.3333333333333333
0
0.41666666666666663
0.576923076923077
0.25
0.7142857142857142
0.3225806451612903
0.8823529411764707
0.4545454545454546
0
0
1.0
0.41666666666666663
1.3636363636363635
0.5714285714285714
0.5263157894736842
0.7142857142857142
0
0.15151515151515152
0.3333333333333333
0.38461538461538464
0.3571428571428571
1.0
0.625
0.9090909090909092
0.10869565217391304
0
0.3225806451612903
0.2631578947368421
0.10416666666666666
0.19230769230769232
0.29411764705882354
0.75
0.2272727272727273
0
0.625
0.17857142857142855
0.16666666666666666
0.8333333333333333
0.5263157894736842
0.8333333333333333
1.1111111111111112
0.3125
0.3333333333333333
0.3125
0.18518518518518517
0.15151515151515152
0.625
0.8
0.47619047619047616
0.37037037037037035
0.5882352941176471
0.15151515151515152
0.7894736842105263
1.3333333333333333
0.6521739130434783
0.16129032258064516
0
0.38461538461538464
0
0.9375
0.625
0.7692307692307693
0
0.4838709677419355
0
0.3333333333333333
0.3125
0
0.43478260869565216
0.3225806451612903
0.2777777777777778
0.5882352941176471
0.7692307692307693
0
0.46511627906976744
0.8333333333333333
0.2272727272727273
0.3125
0
0.16129032258064516
0.29411764705882354
0.5555555555555556
0
0.2272727272727273
0.5172413793103449
0.29411764705882354
0.5
1.25
0.10638297872340426
0.14705882352941177
1.153846153846154
0
0.40540540540540543
0.23809523809523808
0.5
0
0.4545454545454546
1.25
1.0
0.7142857142857142
0.5263157894736842
0
0.2
0.7894736842105263
0.5357142857142857
0.15151515151515152
0.21739130434782608
0.21739130434782608
0.2631578947368421
0.2
0.8928571428571429
0.375
0.3571428571428571
0.13513513513513514
0.6
0.29411764705882354
1.153846153846154
0.5
0.37037037037037035
0.22222222222222224
0
0.8695652173913043
0.6666666666666666
0.3571428571428571
0.38461538461538464
0.7692307692307693
0.30303030303030304
1.0
0.29411764705882354
0.5172413793103449
0.3333333333333333
0.5
1.25
0.3333333333333333
0
0.23809523809523808
0.38461538461538464
0
0.23255813953488372
0.3571428571428571
0.3333333333333333
0
0.25
0
0.4545454545454546
0
0.13157894736842105
0
0.5555555555555556
0.8
0
0
0.3333333333333333
0
0.2040816326530612
0.6521739130434783
0.43478260869565216
0.4545454545454546
0.2272727272727273
0.4545454545454546
0.3571428571428571
0.18518518518518517
0.5
0.8333333333333333
0.39473684210526316
0.8333333333333333
0.30303030303030304
0
0.37037037037037035
0.375
0
0
0.25
0
0.0
0.13157894736842105
1.6666666666666665
0.3125
0.5882352941176471
0.24390243902439024
2.5
2.5
4.285714285714286
4.285714285714286
2.2222222222222223
2.3529411764705883
1.3043478260869565
1.9444444444444444
3.888888888888889
1.6666666666666665
2.5925925925925926
3.0
2.5
4.333333333333334
5.0
1.6666666666666665
2.3529411764705883
4.333333333333334
1.1764705882352942
3.75
5.0
2.7777777777777777
3.333333333333333
4.545454545454545
2.3684210526315788
1.5384615384615385
3.333333333333333
2.2222222222222223
3.0
3.0
2.1739130434782608
2.5
3.2
2.2222222222222223
3.0
3.9285714285714284
2.2222222222222223
2.6666666666666665
3.888888888888889
2.2222222222222223
2.8000000000000003
1.7391304347826086
2.4285714285714284
3.076923076923077
3.75
1.1111111111111112
2.8571428571428568
2.9545454545454546
1.6666666666666665
2.5
4.285714285714286
2.0
3.888888888888889
3.888888888888889
2.2222222222222223
3.225806451612903
4.230769230769231
1.6666666666666665
2.727272727272727
2.142857142857143
1.9230769230769231
2.75
4.0
1.6666666666666665
2.2222222222222223
4.230769230769231
1.8181818181818183
2.5
2.1875
4.0
2.2222222222222223
4.0
1.5909090909090908
2.142857142857143
3.5
1.6666666666666665
2.1875
3.1818181818181817
1.6666666666666665
2.307692307692308
4.615384615384616
2.8571428571428568
2.3529411764705883
4.5
1.875
2.2222222222222223
3.2608695652173916
1.4285714285714284
1.7857142857142858
3.75
2.0
2.5
4.615384615384616
1.0714285714285714
2.5
2.2222222222222223
3.333333333333333
3.1578947368421053
2.8571428571428568
2.2222222222222223
2.3333333333333335
3.75
2.0588235294117645
3.333333333333333
3.333333333333333
0.8928571428571429
1.9230769230769231
4.375
1.8181818181818183
2.2727272727272725
4.285714285714286
2.826086956521739
2.142857142857143
4.285714285714286
2.0370370370370368
3.958333333333333
2.8571428571428568
1.7857142857142858
4.0625
1.6666666666666665
2.5
3.125
3.947368421052632
2.5
2.0833333333333335
3.888888888888889
2.5
3.125
1.7391304347826086
2.25
3.125
2.5
2.2222222222222223
2.5
3.5185185185185186
1.7857142857142858
3.1481481481481484
4.230769230769231
1.25
3.5
3.333333333333333
1.4285714285714284
1.4285714285714284
4.166666666666667
2.1052631578947367
2.5
3.0
1.1111111111111112
2.8000000000000003
3.9130434782608696
1.875
3.6842105263157894
2.5
1.875
3.75
3.8235294117647056
1.5625
2.608695652173913
3.1578947368421053
2.5
1.4285714285714284
5.0
1.5
2.5
2.0
1.25
1.9444444444444444
3.1481481481481484
2.5
2.5
3.5
1.3636363636363635
1.6666666666666665
2.826086956521739
2.142857142857143
2.2727272727272725
4.6875
2.307692307692308
2.5806451612903225
3.5714285714285716
0.5555555555555556
2.7777777777777777
2.9411764705882355
1.6666666666666665
2.5
3.0952380952380953
1.8181818181818183
2.0833333333333335
4.166666666666667
2.5
3.5294117647058827
3.9285714285714284
3.333333333333333
0.641025641025641
4.375
1.0
2.5
3.235294117647059
2.2727272727272725
0.9523809523809523
3.235294117647059
1.1111111111111112
2.0
3.4615384615384617
2.0
3.5
3.5294117647058827
0.7142857142857142
1.5217391304347827
3.125
2.142857142857143
3.333333333333333
2.8571428571428568
1.0
3.125
3.75
1.0714285714285714
3.4375
3.4615384615384617
0.9375
2.8571428571428568
2.5
2.5
2.8000000000000003
4.285714285714286
2.0
1.25
4.666666666666667
0.625
3.333333333333333
2.826086956521739
1.75
3.6666666666666665
2.8571428571428568
0.7142857142857142
2.8571428571428568
1.25
2.142857142857143
1.875
3.125
2.0
2.727272727272727
1.8421052631578947
3.076923076923077
2.884615384615384
3.1666666666666665
1.4285714285714284
3.333333333333333
1.1764705882352942
1.1111111111111112
2.0833333333333335
2.2222222222222223
3.0
2.8571428571428568
2.7777777777777777
1.3636363636363635
3.125
1.6666666666666665
2.4
2.916666666666667
1.1111111111111112
2.5
4.666666666666667
3.9130434782608696
0.75
2.142857142857143
2.2222222222222223
1.3888888888888888
1.25
3.0434782608695654
1.4705882352941178
2.3684210526315788
2.2727272727272725
2.391304347826087
1.153846153846154
2.0833333333333335
1.5
3.5714285714285716
1.4285714285714284
2.619047619047619
1.5625
2.2222222222222223
3.0
1.0416666666666667
2.3529411764705883
2.5
1.875
1.3636363636363635
1.9230769230769231
2.142857142857143
1.9565217391304348
3.333333333333333
2.916666666666667
3.1818181818181817
2.142857142857143
2.2727272727272725
1.875
2.142857142857143
1.5
2.0
2.5
2.0
2.5
1.6666666666666665
3.125
3.888888888888889
2.5
2.5
4.0
1.875
2.5
2.142857142857143
2.5
5.0
4.5
1.0
2.5
5.0
1.153846153846154
1.875
4.0
5.0
3.0
3.0
1.1111111111111112
3.75
2.5
1.1111111111111112
3.5
1.5
2.5
3.0
3.333333333333333
1.4285714285714284
2.727272727272727
4.0
2.8571428571428568
2.0
3.333333333333333
1.25
2.8571428571428568
5.0
2.5
2.5
1.6666666666666665
1.3636363636363635
3.333333333333333
5.0
1.0
3.0
4.0
2.0
2.5
2.5
1.25
2.727272727272727
3.333333333333333
1.9230769230769231
2.8571428571428568
4.0
2.7777777777777777
3.888888888888889
4.0
2.8571428571428568
5.0
4.444444444444445
2.142857142857143
1.6666666666666665
4.0
2.5
1.4285714285714284
2.5
2.5
2.727272727272727
2.5
2.8571428571428568
2.5
2.5
2.916666666666667
2.7777777777777777
3.0
1.6666666666666665
2.5
5.0
1.25
2.5
3.0
2.0833333333333335
2.8571428571428568
4.0
1.0
3.75
4.0
2.5
4.0
4.0
2.5
2.916666666666667
4.0
2.5
3.75
5.0
2.2222222222222223
1.6666666666666665
4.375
2.7777777777777777
2.5
4.166666666666667
1.6666666666666665
3.5
1.875
1.4285714285714284
2.8571428571428568
3.5714285714285716
1.875
3.076923076923077
2.0
2.7777777777777777
2.0833333333333335
3.333333333333333
2.5
3.0
4.0
1.1111111111111112
3.5714285714285716
3.5
2.5
2.142857142857143
3.333333333333333
3.0
5.0
4.5
1.6666666666666665
3.5714285714285716
5.0
1.5
1.6666666666666665
4.375
2.142857142857143
1.6666666666666665
5.0
3.5714285714285716
3.75
3.0
2.5
2.5
4.0
1.875
1.875
4.285714285714286
0.8333333333333333
3.333333333333333
3.0
1.25
3.0
4.166666666666667
1.6666666666666665
1.3636363636363635
4.375
1.8181818181818183
2.5
2.2727272727272725
2.307692307692308
5.0
4.0
3.125
2.5
5.0
3.0
1.3636363636363635
2.5
3.5714285714285716
1.25
4.333333333333334
2.0
1.875
3.333333333333333
1.6666666666666665
3.333333333333333
3.888888888888889
1.6666666666666665
1.25
5.0
0.8333333333333333
3.333333333333333
5.0
1.6666666666666665
2.5
4.0
3.5714285714285716
3.1818181818181817
3.9285714285714284
1.6666666666666665
3.0
1.6666666666666665
3.333333333333333
2.5
5.0
0
4.375
4.0
1.6666666666666665
2.5
3.333333333333333
1.5384615384615385
2.5
4.444444444444445
1.5
2.7777777777777777
4.5
3.0
3.125
2.0
1.8181818181818183
2.5
3.333333333333333
2.142857142857143
2.5
5.0
2.0
2.5
5.0
3.333333333333333
2.142857142857143
5.0
2.2222222222222223
2.2222222222222223
5.0
2.0
2.8571428571428568
4.375
1.4285714285714284
3.5714285714285716
3.75
2.5
2.727272727272727
4.5
2.5
1.5
4.166666666666667
2.2222222222222223
2.5
3.333333333333333
1.25
2.0
1.6666666666666665
4.166666666666667
2.8571428571428568
4.0
3.0
2.7777777777777777
3.333333333333333
2.0
2.0
3.125
2.5
3.125
3.6363636363636367
4.0
3.75
2.7777777777777777
1.4285714285714284
3.076923076923077
3.75
2.0
3.0
5.0
1.6666666666666665
4.0
4.0
0.9090909090909092
1.4285714285714284
4.090909090909091
1.5
1.6666666666666665
3.333333333333333
2.2222222222222223
3.1818181818181817
2.0
1.25
3.333333333333333
4.166666666666667
3.0
4.0
4.0
2.2222222222222223
3.5
3.75
1.4285714285714284
5.0
4.0
3.0
2.8571428571428568
5.0
1.7857142857142858
3.333333333333333
4.0
2.0833333333333335
2.8571428571428568
4.444444444444445
1.25
3.5
4.0
2.5
2.142857142857143
5.0
3.75
3.125
4.375
2.5
3.333333333333333
3.333333333333333
1.875
2.5
3.888888888888889
3.0
3.75
3.75
2.0
5.0
5.0
2.142857142857143
2.0
2.7777777777777777
1.0
3.5
2.5
1.25
3.0
3.75
0.4545454545454546
3.75
1.25
2.0
3.5714285714285716
0.9090909090909092
2.6666666666666665
3.75
1.6666666666666665
3.0
5.0
1.25
1.6666666666666665
3.333333333333333
3.0
3.333333333333333
3.5714285714285716
3.333333333333333
2.8571428571428568
3.1818181818181817
1.0
4.0
2.2727272727272725
1.7857142857142858
2.5
2.5
1.8181818181818183
3.5714285714285716
3.8461538461538463
2.5
3.6363636363636367
3.75
1.9230769230769231
2.5
4.0
2.142857142857143
3.125
3.333333333333333
2.2727272727272725
2.0
1.3636363636363635
1.4285714285714284
2.8571428571428568
4.444444444444445
1.875
2.727272727272727
4.0
2.2727272727272725
3.0
3.333333333333333
0.5555555555555556
3.333333333333333
3.6363636363636367
1.6666666666666665
5.0
4.0
2.916666666666667
5.0
3.1818181818181817
2.5
3.0
3.75
0.0
3.0
2.8571428571428568
2.142857142857143
5.0
3.333333333333333
2.5
3.888888888888889
4.285714285714286
1.25
4.285714285714286
4.285714285714286
1.5384615384615385
2.8571428571428568
4.0
1.25
2.727272727272727
3.888888888888889
0
1.5384615384615385
2.5
2.0
5.0
3.333333333333333
1.25
2.142857142857143
3.75
3.333333333333333
2.5
1.6666666666666665
1.7857142857142858
1.1111111111111112
4.444444444444445
1.153846153846154
1.875
4.5
0.41666666666666663
3.5714285714285716
3.0
2.307692307692308
5.0
5.0
1.875
2.5
4.375
1.4285714285714284
3.2142857142857144
4.375
2.8571428571428568
1.6666666666666665
1.875
1.5
3.5714285714285716
3.125
1.25
3.1818181818181817
5.0
2.2222222222222223
4.285714285714286
1.25
5.0
3.333333333333333
5.0
2.727272727272727
1.0
3.5714285714285716
2.5
2.5
2.5
4.285714285714286
2.2222222222222223
2.5
2.5
2.8571428571428568
4.0
3.333333333333333
2.0
2.0
1.4285714285714284
0.625
1.6666666666666665
3.75
1.4285714285714284
2.2222222222222223
0.625
1.4285714285714284
0.8333333333333333
3.125
1.6666666666666665
2.2222222222222223
2.0
2.5
0.9090909090909092
2.8571428571428568
1.25
2.0
1.1111111111111112
1.4285714285714284
3.5714285714285716
0.5555555555555556
3.5714285714285716
2.142857142857143
0.8333333333333333
1.153846153846154
4.285714285714286
2.142857142857143
5.0
2.8571428571428568
3.125
3.333333333333333
2.0
3.75
2.142857142857143
3.75
1.6666666666666665
0.38461538461538464
3.125
1.0
1.6666666666666665
2.142857142857143
2.0
2.142857142857143
3.333333333333333
3.0
3.333333333333333
1.1111111111111112
1.875
2.5
1.875
2.5
1.6666666666666665
2.0
1.6666666666666665
1.6666666666666665
3.5714285714285716
3.0
3.0
1.25
1.6666666666666665
2.8571428571428568
1.25
0
0.8333333333333333
2.0
0.8333333333333333
3.0
2.142857142857143
0
2.7777777777777777
1.4285714285714284
0
2.8571428571428568
2.5
1.5
2.142857142857143
1.0
0.8333333333333333
3.333333333333333
1.6666666666666665
1.4285714285714284
0
1.4285714285714284
1.1111111111111112
3.5714285714285716
1.0
1.6666666666666665
1.0
3.333333333333333
1.6666666666666665
4.0
2.2222222222222223
0
1.6666666666666665
1.25
1.4285714285714284
0.7142857142857142
0.7142857142857142
3.333333333333333
1.6666666666666665
1.25
2.142857142857143
0
1.4285714285714284
1.6666666666666665
2.7777777777777777
2.5
3.0
0.7142857142857142
2.0
0.625
1.6666666666666665
2.5
1.25
1.4285714285714284
3.125
2.142857142857143
2.5
1.25
1.1111111111111112
1.4285714285714284
3.333333333333333
0.625
2.142857142857143
1.875
2.142857142857143
0.8333333333333333
0.967741935483871
1.6666666666666665
3.0
2.7777777777777777
1.4285714285714284
0
3.888888888888889
2.0
2.142857142857143
1.25
1.4285714285714284
4.0
3.333333333333333
3.5714285714285716
1.4285714285714284
1.25
2.2222222222222223
1.6666666666666665
0.7142857142857142
2.2222222222222223
2.5
4.285714285714286
3.333333333333333
2.5
1.1111111111111112
0.5
2.2222222222222223
0.8333333333333333
1.0
2.5
2.5
3.0
2.8571428571428568
0.8333333333333333
1.6666666666666665
1.1111111111111112
1.0
2.7777777777777777
3.0
1.25
2.2222222222222223
2.5
3.0
1.4285714285714284
2.0
2.142857142857143
2.0
0
0.8333333333333333
2.0
2.7777777777777777
3.125
1.4285714285714284
2.0
2.5
0.7142857142857142
3.5714285714285716
3.333333333333333
1.875
0.8333333333333333
0.9090909090909092
1.6666666666666665
3.75
1.1111111111111112
2.5
3.125
2.5
0.7142857142857142
0.625
3.1818181818181817
3.333333333333333
4.166666666666667
1.3636363636363635
1.0
1.6666666666666665
0.5
1.6666666666666665
2.5
2.142857142857143
1.6666666666666665
1.4285714285714284
2.5
3.125
0
2.7777777777777777
1.6666666666666665
2.2222222222222223
1.6666666666666665
0.7142857142857142
2.5
0.8333333333333333
1.4285714285714284
1.6666666666666665
0.8333333333333333
1.4285714285714284
1.6666666666666665
0.625
4.0
1.25
2.0
1.0
1.25
5.0
0.7692307692307693
1.875
1.4285714285714284
3.333333333333333
1.4285714285714284
2.5
4.375
1.875
2.5
1.0
0.625
3.333333333333333
1.6666666666666665
2.2222222222222223
3.333333333333333
2.2222222222222223
1.0
2.0
2.2222222222222223
1.6666666666666665
0
2.5
3.333333333333333
3.5714285714285716
4.375
0.7142857142857142
2.142857142857143
1.25
5.0
0
3.75
1.25
1.6666666666666665
1.5
0.7142857142857142
0.625
1.6666666666666665
1.4285714285714284
1.4285714285714284
3.75
1.25
3.75
1.875
0.8333333333333333
0
1.25
2.7777777777777777
1.6666666666666665
1.4285714285714284
2.5
1.6666666666666665
0.7142857142857142
1.6666666666666665
4.0
3.125
1.6666666666666665
2.0
0
0.7142857142857142
1.875
3.333333333333333
2.8571428571428568
5.0
3.333333333333333
2.0
1.6666666666666665
0.7142857142857142
0.625
3.125
3.0
2.0
0.0
1.1111111111111112
2.8571428571428568
1.25
1.25
1.875
3.333333333333333
2.5
1.1111111111111112
0.4545454545454546
3.0
4.166666666666667
3.5714285714285716
3.125
1.6666666666666665
1.6666666666666665
1.25
1.0
0.8333333333333333
1.6666666666666665
1.1111111111111112
2.5
2.5
1.25
2.5
1.4285714285714284
0
2.0
3.333333333333333
3.75
1.1111111111111112
2.7777777777777777
2.2222222222222223
1.6666666666666665
2.5
1.875
2.142857142857143
1.25
0
3.6363636363636367
3.333333333333333
0.625
0
2.2727272727272725
1.6666666666666665
1.875
1.25
1.6666666666666665
1.6666666666666665
2.5
3.125
1.6666666666666665
2.142857142857143
2.142857142857143
1.25
1.1111111111111112
0.8333333333333333
0
1.4285714285714284
2.5
0.5555555555555556
2.5
4.285714285714286
2.2727272727272725
3.75
0
1.1111111111111112
1.6666666666666665
1.875
2.5
1.4285714285714284
0.8333333333333333
1.4285714285714284
3.333333333333333
0.625
2.2222222222222223
0.8333333333333333
2.0
1.6666666666666665
2.142857142857143
0.625
3.333333333333333
2.142857142857143
2.5
3.125
3.125
1.875
2.2222222222222223
0.625
3.125
1.875
3.5714285714285716
1.25
3.0
1.0
0.8333333333333333
1.6666666666666665
2.5
0
3.75
2.5
2.142857142857143
1.875
2.0
1.4285714285714284
1.6666666666666665
1.6666666666666665
2.142857142857143
1.875
2.142857142857143
1.1111111111111112
1.0
1.6666666666666665
1.4285714285714284
1.4285714285714284
4.0
0.7142857142857142
1.25
0
2.142857142857143
1.875
2.8571428571428568
3.0
2.8571428571428568
2.8571428571428568
4.0
0
1.1111111111111112
1.25
0.8333333333333333
1.6666666666666665
0.7142857142857142
3.0
1.25
2.0
3.333333333333333
1.875
1.6666666666666665
3.5714285714285716
2.0
3.0
1.25
2.5
1.875
0.8333333333333333
0.8333333333333333
2.5
1.1111111111111112
0.7142857142857142
2.142857142857143
1.25
2.8571428571428568
0.8333333333333333
1.6666666666666665
1.6666666666666665
1.4285714285714284
0
1.6666666666666665
1.25
0
1.0
3.0
2.7777777777777777
2.0
2.5
0.8333333333333333
5.0
3.888888888888889
1.8181818181818183
3.125
2.8571428571428568
4.285714285714286
1.3636363636363635
3.125
3.0
2.5
2.5
2.0
1.6666666666666665
0.625
2.7777777777777777
4.375
3.75
0.8333333333333333
2.2222222222222223
1.25
2.8571428571428568
1.9230769230769231
3.75
2.142857142857143
2.5
1.875
0.7142857142857142
2.0
2.7777777777777777
4.375
2.5
2.142857142857143
1.5
2.142857142857143
2.0
0
0.625
3.125
1.0
1.6666666666666665
1.25
3.333333333333333
3.0
2.7777777777777777
2.0
1.4285714285714284
2.5
4.0
5.0
3.75
3.125
2.142857142857143
2.2222222222222223
2.5
1.875
1.0
1.1111111111111112
1.1111111111111112
1.25
2.0
1.25
0.625
1.25
0.625
1.6666666666666665
2.5
1.0
1.6666666666666665
2.0
1.1111111111111112
3.5714285714285716
2.5
0.7142857142857142
2.8571428571428568
3.5714285714285716
0
1.9230769230769231
3.333333333333333
0.625
0.8333333333333333
2.5
1.6666666666666665
1.6666666666666665
5.0
1.4285714285714284
3.888888888888889
3.333333333333333
1.875
0
2.142857142857143
1.1111111111111112
1.25
1.5
1.6666666666666665
2.7777777777777777
3.5714285714285716
2.5
3.5714285714285716
2.5
1.25
1.3636363636363635
1.875
4.166666666666667
3.5714285714285716
1.8181818181818183
1.6666666666666665
3.125
1.0
3.333333333333333
0.625
1.25
1.6666666666666665
3.0
2.8571428571428568
1.1111111111111112
1.875
3.333333333333333
2.2222222222222223
2.142857142857143
1.6666666666666665
3.5714285714285716
2.2222222222222223
1.4285714285714284
1.6666666666666665
0.5555555555555556
0
1.1111111111111112
1.25
2.5
3.333333333333333
0
1.6666666666666665
2.142857142857143
4.166666666666667
1.25
0.8333333333333333
2.5
1.4285714285714284
4.375
4.166666666666667
3.0
4.166666666666667
1.875
1.25
2.5
0.7142857142857142
0.625
2.7777777777777777
2.142857142857143
1.25
2.0
2.142857142857143
1.6666666666666665
0
1.6666666666666665
3.75
2.142857142857143
5.0
3.333333333333333
3.333333333333333
2.5
3.333333333333333
1.1111111111111112
1.1111111111111112
1.6666666666666665
1.4285714285714284
2.142857142857143
2.142857142857143
3.333333333333333
2.0
3.75
2.5
2.5
3.5
2.5
1.6666666666666665
3.333333333333333
0.0
1.1111111111111112
2.5
1.4285714285714284
3.0
2.2222222222222223
2.142857142857143
2.5
5.0
2.142857142857143
0.625
3.333333333333333
2.5
2.5
3.125
3.0
2.142857142857143
1.4285714285714284
1.4285714285714284
2.142857142857143
0.625
2.0
1.8181818181818183
0.7142857142857142
3.125
1.875
2.8571428571428568
3.888888888888889
1.875
1.0
1.875
0.3333333333333333
1.25
3.888888888888889
2.5
2.0
2.5
1.1111111111111112
3.0
2.0
0.625
2.727272727272727
3.333333333333333
2.5
1.6666666666666665
1.25
2.8571428571428568
0.7142857142857142
0.625
1.25
1.4285714285714284
1.6666666666666665
1.0
2.5
2.8571428571428568
1.6666666666666665
1.4285714285714284
1.6666666666666665
2.0
1.6666666666666665
5.0
2.0
0.625
2.0
2.142857142857143
3.333333333333333
1.875
2.142857142857143
3.75
2.142857142857143
0.7142857142857142
3.333333333333333
2.0
3.333333333333333
0.7142857142857142
1.4285714285714284
5.0
2.0
1.25
2.8571428571428568
2.142857142857143
0.625
2.5
4.285714285714286
1.875
1.4285714285714284
3.333333333333333
2.5
2.5
2.5
2.5
1.4285714285714284
4.166666666666667
2.5
3.0
1.4285714285714284
3.333333333333333
2.142857142857143
2.6666666666666665
2.0
2.0
2.142857142857143
3.125
1.4285714285714284
3.75
1.25
3.333333333333333
3.333333333333333
2.5
5.0
2.5
0.8333333333333333
2.5
2.5
3.2142857142857144
1.25
0.7142857142857142
3.0
1.1111111111111112
3.5714285714285716
1.4285714285714284
1.6666666666666665
2.0
1.0
3.333333333333333
2.5
0.625
2.8571428571428568
2.8571428571428568
4.285714285714286
2.8571428571428568
1.25
5.0
5.0
3.333333333333333
0
1.6666666666666665
3.1818181818181817
4.0
3.333333333333333
1.875
2.5
1.875
3.5714285714285716
4.090909090909091
3.333333333333333
1.4285714285714284
3.75
3.5714285714285716
4.0
2.0
3.125
3.75
3.0
3.75
2.142857142857143
3.5714285714285716
3.333333333333333
4.166666666666667
3.5714285714285716
0.8333333333333333
1.7857142857142858
1.4285714285714284
2.2222222222222223
2.142857142857143
0
1.25
5.0
2.5
3.333333333333333
1.0
1.6666666666666665
2.5
3.1818181818181817
3.0
1.4285714285714284
2.8571428571428568
1.4285714285714284
2.5
4.285714285714286
0.8333333333333333
0.625
2.142857142857143
3.125
3.5714285714285716
0
1.1111111111111112
2.7777777777777777
3.0
3.125
0
1.875
4.285714285714286
3.0
4.166666666666667
0.7142857142857142
1.875
2.5
2.5
3.333333333333333
3.0
0.625
2.2222222222222223
3.333333333333333
3.125
2.0
2.5
1.4285714285714284
5.0
3.125
1.0
1.5
3.0
1.6666666666666665
4.0
1.1111111111111112
1.25
5.0
4.444444444444445
1.875
1.4285714285714284
3.0
2.5
2.2727272727272725
4.166666666666667
0.625
2.0
2.727272727272727
3.333333333333333
2.7777777777777777
1.4285714285714284
1.1111111111111112
1.0
3.5714285714285716
3.076923076923077
0.7142857142857142
1.4705882352941178
4.166666666666667
2.916666666666667
3.6363636363636367
0.625
2.0
2.0
3.333333333333333
2.5
2.5
3.75
2.5
3.333333333333333
4.375
0.5
1.4285714285714284
1.6666666666666665
4.166666666666667
3.333333333333333
0
1.6666666666666665
2.8571428571428568
2.8571428571428568
2.5
0.625
1.875
1.0
4.166666666666667
3.5714285714285716
1.6666666666666665
1.6666666666666665
2.2727272727272725
2.2222222222222223
5.0
1.6666666666666665
1.0
3.333333333333333
2.5
4.545454545454545
0.5555555555555556
2.2222222222222223
4.166666666666667
1.6666666666666665
5.0
1.25
1.0
1.4285714285714284
4.0
3.333333333333333
2.8571428571428568
1.5
1.0
3.0
3.6363636363636367
2.0
0.6666666666666666
3.333333333333333
3.125
4.375
2.0
2.5
1.6666666666666665
3.1818181818181817
2.7777777777777777
0
1.6666666666666665
1.4285714285714284
2.0
3.5714285714285716
2.5
1.6666666666666665
1.6666666666666665
4.166666666666667
2.5
0.7142857142857142
3.333333333333333
4.0
1.875
4.444444444444445
0.5555555555555556
1.875
2.142857142857143
1.875
3.5
0
1.4285714285714284
2.5
2.7777777777777777
3.5714285714285716
0.5555555555555556
1.6666666666666665
3.125
3.888888888888889
3.125
0.0
0.625
3.333333333333333
1.4285714285714284
3.5714285714285716
2.5
1.6666666666666665
2.727272727272727
4.0
3.0
0.7142857142857142
3.333333333333333
2.7777777777777777
5.0
2.5
0.625
2.0
4.166666666666667
2.916666666666667
2.7777777777777777
2.0
3.5714285714285716
2.5
2.7777777777777777
3.75
0.7142857142857142
3.75
1.4285714285714284
3.0
3.125
1.1111111111111112
1.0
1.1111111111111112
3.125
5.0
2.142857142857143
1.25
2.0
5.0
4.0
1.25
2.8571428571428568
2.2222222222222223
3.4615384615384617
4.583333333333333
2.0
0.8333333333333333
2.142857142857143
2.0
2.5
1.875
2.5
2.8571428571428568
3.0
3.888888888888889
0.5
2.142857142857143
2.5
2.727272727272727
2.8571428571428568
1.875
2.5
4.166666666666667
4.0
5.0
1.25
2.5
2.8571428571428568
3.333333333333333
3.125
0.8333333333333333
1.25
2.8571428571428568
2.0
4.375
1.1111111111111112
1.6666666666666665
2.5
3.0
3.5
1.0
1.25
2.7777777777777777
4.166666666666667
3.75
2.142857142857143
1.5384615384615385
2.5
2.142857142857143
4.090909090909091
2.0
2.5
1.5384615384615385
2.0
2.8571428571428568
1.6666666666666665
1.3636363636363635
1.6666666666666665
3.333333333333333
3.333333333333333
1.25
1.6666666666666665
3.0
3.5714285714285716
4.166666666666667
1.4285714285714284
1.25
3.333333333333333
4.166666666666667
1.25
1.875
3.0
3.333333333333333
2.5
0.8333333333333333
2.5
3.333333333333333
1.4285714285714284
3.0
3.333333333333333
4.0
1.4285714285714284
1.875
1.4285714285714284
5.0
1.6666666666666665
1.6666666666666665
2.142857142857143
3.5714285714285716
1.6666666666666665
1.6666666666666665
2.0
2.5
1.4285714285714284
2.142857142857143
2.8571428571428568
4.090909090909091
0.8333333333333333
1.4285714285714284
2.8571428571428568
5.0
1.1111111111111112
2.0
2.5
2.0
1.6666666666666665
1.25
1.3636363636363635
5.0
1.6666666666666665
0
3.333333333333333
3.5714285714285716
1.0
1.4285714285714284
1.0
4.0
1.4285714285714284
1.6666666666666665
2.8571428571428568
3.333333333333333
0.8333333333333333
3.0
0.5555555555555556
3.6363636363636367
1.875
3.0
3.333333333333333
3.5714285714285716
2.142857142857143
2.8571428571428568
2.8571428571428568
2.5
1.25
1.4285714285714284
3.0
5.0
0.7142857142857142
2.5
5.0
3.125
1.4285714285714284
0
3.333333333333333
4.0
2.0
1.6666666666666665
2.142857142857143
1.875
2.142857142857143
2.0
2.8571428571428568
5.0
1.6666666666666665
0.8333333333333333
3.125
4.0
0
2.8571428571428568
2.142857142857143
2.692307692307692
0.7142857142857142
1.4285714285714284
4.0
3.5714285714285716
2.8571428571428568
2.142857142857143
2.8571428571428568
5.0
0
2.8571428571428568
2.8571428571428568
2.8571428571428568
0.625
3.0
3.333333333333333
2.727272727272727
1.6666666666666665
0.625
2.0
3.125
2.0
2.142857142857143
1.6666666666666665
4.166666666666667
0.8333333333333333
2.2222222222222223
3.333333333333333
4.0
0.7142857142857142
2.5
2.5
1.875
1.6666666666666665
1.875
1.7647058823529413
3.75
0
2.0
2.7777777777777777
5.0
1.1111111111111112
1.6666666666666665
3.333333333333333
4.375
1.4285714285714284
1.4285714285714284
2.8571428571428568
4.0
0.7142857142857142
3.125
3.5714285714285716
5.0
0
1.4285714285714284
4.166666666666667
3.5714285714285716
0
2.8571428571428568
2.5
5.0
0
1.6666666666666665
2.5
4.166666666666667
0.7142857142857142
1.875
2.5
4.0
1.4285714285714284
1.875
2.8571428571428568
4.166666666666667
0.9090909090909092
1.6666666666666665
2.5
5.0
1.4285714285714284
1.4285714285714284
1.4285714285714284
3.0
1.6666666666666665
2.5
2.8571428571428568
3.5714285714285716
1.25
2.142857142857143
4.0
4.545454545454545
1.3636363636363635
2.142857142857143
3.333333333333333
4.0
2.0
1.25
4.0
3.333333333333333
1.0
1.6666666666666665
3.333333333333333
2.8571428571428568
0
1.6666666666666665
4.0
5.0
0
0.7142857142857142
1.6666666666666665
3.125
1.4285714285714284
2.142857142857143
3.333333333333333
2.5
0
2.142857142857143
2.8571428571428568
2.5
1.1111111111111112
3.333333333333333
2.8571428571428568
2.8571428571428568
1.25
2.5
3.333333333333333
3.333333333333333
1.1111111111111112
2.0
2.5
3.0
1.1111111111111112
1.8181818181818183
3.333333333333333
4.0
0.4545454545454546
0.5555555555555556
2.8571428571428568
3.0
1.0
2.5
2.142857142857143
5.0
0.7142857142857142
1.6666666666666665
3.125
5.0
0.41666666666666663
1.875
4.166666666666667
2.727272727272727
0.5555555555555556
2.5
2.5
3.5714285714285716
0.7142857142857142
1.1111111111111112
2.0
4.375
1.4285714285714284
2.5
2.8571428571428568
5.0
1.4285714285714284
2.2222222222222223
3.333333333333333
3.2142857142857144
1.6666666666666665
0.8333333333333333
2.8571428571428568
3.333333333333333
1.4285714285714284
0.7142857142857142
3.333333333333333
5.0
1.875
2.8571428571428568
3.0
3.0
1.1111111111111112
2.8571428571428568
3.333333333333333
3.75
1.875
0.8333333333333333
0.7142857142857142
5.0
0.8333333333333333
3.333333333333333
1.6666666666666665
4.285714285714286
1.4285714285714284
1.6666666666666665
2.2727272727272725
2.5
0.7142857142857142
2.5
2.8571428571428568
4.0
1.0
0.625
2.142857142857143
5.0
1.25
1.6666666666666665
2.8571428571428568
4.444444444444445
2.0
1.4285714285714284
2.8571428571428568
4.0
1.25
2.5
2.8571428571428568
4.0
1.875
3.0
4.0
4.375
0.5
2.142857142857143
3.333333333333333
1.875
2.0
1.6666666666666665
1.4285714285714284
2.8571428571428568
1.6666666666666665
2.5
3.0
3.0
0
1.4285714285714284
2.8571428571428568
2.5
1.6666666666666665
1.4285714285714284
2.5
4.0
2.0
2.142857142857143
2.5
3.333333333333333
0.625
2.0
3.5714285714285716
2.8571428571428568
0.625
1.875
2.8571428571428568
1.875
0.7142857142857142
1.25
3.75
3.5714285714285716
1.6666666666666665
2.5
2.142857142857143
3.125
3.333333333333333
1.875
3.333333333333333
4.375
0.8333333333333333
1.25
2.7777777777777777
4.444444444444445
1.0
1.25
2.8571428571428568
1.5
0.0
0.0
2.8571428571428568
4.166666666666667
1.0
1.875
2.8571428571428568
4.166666666666667
0.625
2.8571428571428568
3.0
5.0
0.8333333333333333
2.142857142857143
3.0
2.8571428571428568
2.5
2.0
3.333333333333333
3.75
0.8333333333333333
1.1111111111111112
4.0
3.5714285714285716
1.25
3.5714285714285716
2.142857142857143
3.333333333333333
1.6666666666666665
2.142857142857143
1.5
1.5
2.5
1.5
3.5714285714285716
5.0
0
1.1111111111111112
0.7894736842105263
0.5
2.5
0.75
1.0
0.625
0.7142857142857142
2.2727272727272725
0.3571428571428571
1.0
0.5555555555555556
1.3333333333333333
0.8333333333333333
0
0
0.5555555555555556
2.5
3.75
0
1.0
0.9090909090909092
2.2727272727272725
2.142857142857143
0.41666666666666663
0.8823529411764707
0.8823529411764707
2.0833333333333335
2.142857142857143
0
0.3571428571428571
1.8181818181818183
2.727272727272727
2.142857142857143
0.5
0.3333333333333333
1.0
2.0
3.75
0.41666666666666663
0.625
1.875
1.6666666666666665
3.333333333333333
0.8823529411764707
0.5555555555555556
1.25
2.2222222222222223
1.153846153846154
0.2777777777777778
0.625
1.0714285714285714
2.5
2.3529411764705883
0
1.0714285714285714
1.6666666666666665
2.3529411764705883
2.5
0
1.25
3.333333333333333
1.875
2.0
0.3571428571428571
0.8333333333333333
0.5
3.0
2.5
0
1.1111111111111112
1.5
1.9230769230769231
2.2222222222222223
0.5
1.0526315789473684
0.6666666666666666
2.5
4.0
0
1.0
1.4285714285714284
2.5
1.6666666666666665
0.4545454545454546
0
1.0
1.25
3.333333333333333
0
0
1.5789473684210527
0.41666666666666663
2.727272727272727
0
1.3333333333333333
1.875
2.916666666666667
2.8571428571428568
0
0
0.8333333333333333
2.0833333333333335
4.0
0.29411764705882354
0.5882352941176471
1.25
2.7777777777777777
3.333333333333333
0.625
0.4545454545454546
1.8181818181818183
2.5
2.8571428571428568
0
0
0
2.7777777777777777
2.7777777777777777
0
2.0
1.6666666666666665
1.875
4.444444444444445
0
0.625
2.5
1.25
3.0
0
1.25
2.0833333333333335
3.5
3.0
0.625
0
2.692307692307692
1.3636363636363635
2.0833333333333335
0.8333333333333333
0
0.9090909090909092
3.0
2.0
0
1.0526315789473684
0.41666666666666663
1.9230769230769231
1.6666666666666665
0
0
2.0
2.142857142857143
1.0
0.4545454545454546
0.29411764705882354
1.6666666666666665
2.5
2.5
2.5
0
1.25
2.5
1.9230769230769231
0.8333333333333333
0.9375
0.0
2.2727272727272725
2.6666666666666665
0
0
0.4545454545454546
2.3333333333333335
2.5
0
0.7692307692307693
1.875
2.0
3.333333333333333
0
0.5263157894736842
1.4285714285714284
1.25
1.3636363636363635
0.2631578947368421
1.8181818181818183
2.0
1.0
3.0
0
0
0.8333333333333333
1.5384615384615385
4.0
0
0
1.25
1.4285714285714284
3.1818181818181817
0.3571428571428571
0
0.9090909090909092
2.727272727272727
2.7777777777777777
0.38461538461538464
1.0714285714285714
1.0
1.5
4.444444444444445
0
0.8823529411764707
2.0
1.6666666666666665
2.5
0
0.9090909090909092
0.8823529411764707
1.5
3.0
0.8333333333333333
1.25
1.6666666666666665
1.8181818181818183
1.8181818181818183
0
1.0
1.25
1.25
2.0
0
0.8333333333333333
0.8333333333333333
2.5
3.0
0
0.5
1.25
2.75
1.875
0.9375
0
1.25
1.6666666666666665
2.5
0.29411764705882354
0.5555555555555556
0.9375
1.1111111111111112
3.1818181818181817
0.6666666666666666
0.29411764705882354
1.153846153846154
2.692307692307692
0
0
0.7142857142857142
0.41666666666666663
2.142857142857143
3.333333333333333
0.29411764705882354
1.25
1.3636363636363635
1.3333333333333333
4.285714285714286
0.2777777777777778
0.3333333333333333
0.8333333333333333
2.5
3.0
0
1.25
1.3888888888888888
2.5
1.875
0
1.0
0.8333333333333333
2.5
1.4285714285714284
1.25
1.25
1.3636363636363635
1.6666666666666665
2.2222222222222223
0
0.8333333333333333
1.4285714285714284
1.25
2.2222222222222223
0.5
0.9090909090909092
1.0
2.5
1.25
0
0.5
3.333333333333333
1.5
2.5
0.3333333333333333
1.3888888888888888
0.4545454545454546
2.5
3.0
0.7142857142857142
0.4545454545454546
1.6666666666666665
0.8333333333333333
2.5
0.3125
0
1.5
2.5
2.692307692307692
0
0.3571428571428571
1.4285714285714284
2.0833333333333335
2.5
1.3157894736842104
2.2222222222222223
1.0
3.0
1.5
0
0.625
1.25
1.6666666666666665
3.0
0
1.4705882352941178
0.75
2.2727272727272725
3.75
1.25
0.3571428571428571
0.5
2.0
1.5
0
0.7692307692307693
1.7857142857142858
0.625
3.333333333333333
0
1.6666666666666665
1.6666666666666665
1.4285714285714284
2.7777777777777777
0.2631578947368421
0
2.0588235294117645
2.0
1.875
0
0.3571428571428571
2.727272727272727
1.5384615384615385
3.125
0
0.2631578947368421
1.4285714285714284
2.6470588235294117
1.25
0
1.0714285714285714
1.3333333333333333
1.4285714285714284
2.7777777777777777
0.5555555555555556
1.4285714285714284
0.5555555555555556
1.5384615384615385
2.5
0
0
1.25
2.142857142857143
2.5
0
1.0
1.1363636363636362
2.8571428571428568
2.692307692307692
0
0.7894736842105263
0
2.8571428571428568
2.142857142857143
0
0.7142857142857142
1.4705882352941178
1.6666666666666665
3.0
0
0.75
1.4285714285714284
2.5
1.6666666666666665
0.7142857142857142
1.5384615384615385
2.7777777777777777
1.9230769230769231
2.0833333333333335
0
0.625
1.4705882352941178
2.5
2.7777777777777777
0.3571428571428571
0.6818181818181818
0.9090909090909092
4.166666666666667
2.7777777777777777
0
0.7692307692307693
0.9090909090909092
1.3636363636363635
4.444444444444445
0
1.0
1.3636363636363635
1.5625
2.7777777777777777
0
0.7894736842105263
1.4705882352941178
1.8181818181818183
4.444444444444445
0.6666666666666666
0
0.2631578947368421
1.6666666666666665
2.0
0
0.9090909090909092
1.1764705882352942
2.8571428571428568
2.5
0.9375
0.8823529411764707
1.3333333333333333
2.5
2.8571428571428568
0.3125
0.5882352941176471
1.0714285714285714
1.7647058823529413
4.285714285714286
0.5
1.1111111111111112
0.8333333333333333
3.333333333333333
2.5
0
1.6666666666666665
0.8333333333333333
2.5
2.5
0.625
0.7142857142857142
1.4705882352941178
1.6666666666666665
1.1363636363636362
0.5882352941176471
1.0
2.5
2.0
3.0
2.142857142857143
0.3333333333333333
0.8333333333333333
2.0833333333333335
1.5384615384615385
0.9375
1.0
1.7647058823529413
2.727272727272727
2.8571428571428568
0
1.25
0
1.8181818181818183
3.6363636363636367
0.2631578947368421
1.0
1.153846153846154
2.0
3.888888888888889
0.3333333333333333
0.8823529411764707
1.3636363636363635
1.5789473684210527
1.9230769230769231
0.29411764705882354
1.25
1.0
2.5
3.125
0.5882352941176471
1.25
1.3333333333333333
1.5
2.6470588235294117
0
1.0
1.25
2.5
1.5384615384615385
0.5
0.5
0.5555555555555556
0.7142857142857142
3.5
0
0.9090909090909092
0.8333333333333333
2.5
2.5
0.3125
1.0
1.0526315789473684
1.6666666666666665
2.0
1.5384615384615385
0.5555555555555556
1.25
2.0
1.0
1.25
1.1111111111111112
1.0714285714285714
2.8571428571428568
3.0
0.2631578947368421
1.25
1.4705882352941178
1.4285714285714284
3.75
0.4545454545454546
1.5384615384615385
1.0
3.333333333333333
3.0
0.4545454545454546
0
1.7857142857142858
1.4285714285714284
3.1818181818181817
0.3125
1.8181818181818183
1.5384615384615385
2.0
2.692307692307692
0.2631578947368421
1.153846153846154
0.4545454545454546
3.1818181818181817
2.5
0.3571428571428571
0
1.25
3.076923076923077
1.6666666666666665
0.7692307692307693
0
0
3.75
3.0
0.2631578947368421
0.3125
1.3333333333333333
1.6666666666666665
2.5
0.38461538461538464
1.0
1.25
1.8181818181818183
3.4375
1.25
0.7692307692307693
0
1.4285714285714284
2.7777777777777777
0
1.25
1.4285714285714284
1.6666666666666665
0.5555555555555556
1.0
1.0526315789473684
1.5789473684210527
0.7142857142857142
2.1875
0.8333333333333333
0
1.6666666666666665
2.7777777777777777
3.8461538461538463
0
0.625
2.0
1.1111111111111112
2.2727272727272725
0.38461538461538464
1.1111111111111112
2.0
3.076923076923077
3.0
0.5555555555555556
0.5
1.4285714285714284
2.0
4.166666666666667
0.5882352941176471
1.1111111111111112
1.875
2.2727272727272725
2.5
0
0.41666666666666663
1.25
2.0833333333333335
1.6666666666666665
0.3125
1.5
0
2.5
1.6666666666666665
0
1.0
0.7142857142857142
1.5
2.6470588235294117
0
0
3.333333333333333
2.0
3.333333333333333
0
0
3.333333333333333
2.5
3.0
0
1.3157894736842104
1.25
2.0
3.1818181818181817
0.3125
0.47619047619047616
1.0
2.5
3.333333333333333
0.2
0
1.5
2.0
2.3529411764705883
0
0.8823529411764707
0.5
1.7857142857142858
2.8571428571428568
0
1.25
1.9047619047619047
3.333333333333333
1.875
0
1.0
1.25
2.2222222222222223
2.0
0
0
1.4285714285714284
2.7777777777777777
3.75
1.6666666666666665
0
0.4545454545454546
2.0833333333333335
2.2727272727272725
1.0
2.142857142857143
1.3636363636363635
1.9230769230769231
3.5
0.4545454545454546
0.3333333333333333
1.25
1.6666666666666665
1.6666666666666665
0.5263157894736842
1.3333333333333333
1.875
2.8571428571428568
3.333333333333333
0
1.0
1.5
1.0714285714285714
3.888888888888889
0.25
0.5555555555555556
0.8333333333333333
2.142857142857143
3.75
0
0.7142857142857142
1.5625
1.6666666666666665
2.2222222222222223
0
0
0.5555555555555556
3.5
2.142857142857143
0.3571428571428571
1.0
1.7647058823529413
2.0
2.5
0
1.0869565217391304
0.9523809523809523
1.9230769230769231
3.333333333333333
0
0.5
0.6666666666666666
1.1764705882352942
2.5
0
0.7692307692307693
1.1111111111111112
3.125
2.5
0
1.6666666666666665
2.142857142857143
2.5
2.5
0.38461538461538464
0.8333333333333333
1.4285714285714284
2.2222222222222223
3.125
2.5
3.888888888888889
0.9090909090909092
2.5
3.0
1.4285714285714284
3.5714285714285716
1.1111111111111112
3.5714285714285716
2.8571428571428568
2.2222222222222223
2.142857142857143
4.0
2.5
3.888888888888889
3.333333333333333
1.8181818181818183
2.142857142857143
4.285714285714286
2.2222222222222223
1.0
2.7777777777777777
4.166666666666667
2.5
2.5
3.333333333333333
2.8571428571428568
2.0
0.7692307692307693
1.6666666666666665
1.4285714285714284
3.0
1.875
1.6666666666666665
1.25
2.5
1.7857142857142858
1.0
2.0833333333333335
1.25
3.888888888888889
5.0
2.692307692307692
2.0
2.5
1.6666666666666665
0.625
1.875
1.0
4.285714285714286
1.5
1.875
2.8571428571428568
1.4285714285714284
1.875
2.8571428571428568
2.5
3.5714285714285716
1.875
1.1111111111111112
2.5
2.5
2.0
4.0
1.875
2.8571428571428568
2.142857142857143
2.2727272727272725
2.0833333333333335
1.0
1.8181818181818183
2.8571428571428568
3.333333333333333
2.8571428571428568
2.142857142857143
3.333333333333333
3.0
3.0
1.8181818181818183
0.9090909090909092
5.0
3.5714285714285716
1.9230769230769231
1.0
3.076923076923077
1.25
3.333333333333333
1.0
1.6666666666666665
1.5384615384615385
0.7692307692307693
1.6666666666666665
0.7142857142857142
1.5
3.333333333333333
2.5
2.0
2.2222222222222223
4.444444444444445
2.0
2.0
1.875
1.3636363636363635
1.4285714285714284
0.5
3.125
0.9090909090909092
1.3636363636363635
0.7692307692307693
2.142857142857143
1.4285714285714284
2.0
2.8571428571428568
2.8571428571428568
1.875
3.5714285714285716
1.1111111111111112
1.6666666666666665
1.6666666666666665
2.692307692307692
1.8181818181818183
3.75
3.75
3.5714285714285716
2.727272727272727
0.625
1.25
1.875
1.25
0.5555555555555556
2.0
5.0
1.7857142857142858
1.5
2.5
2.0
3.888888888888889
1.8181818181818183
2.5
1.1111111111111112
1.6666666666666665
3.333333333333333
1.4285714285714284
1.6666666666666665
2.5
2.142857142857143
0.7142857142857142
2.2727272727272725
3.125
1.5
2.8571428571428568
2.142857142857143
1.8181818181818183
3.333333333333333
5.0
2.5
4.444444444444445
2.2222222222222223
1.0
3.0
1.4285714285714284
0.7692307692307693
3.125
1.875
5.0
0.625
3.333333333333333
3.125
3.75
3.0
1.6666666666666665
2.0
1.25
2.8571428571428568
1.4285714285714284
1.3636363636363635
2.142857142857143
2.2222222222222223
1.1111111111111112
2.5
2.5
2.0
3.888888888888889
3.0
3.5714285714285716
3.333333333333333
4.0
3.125
1.6666666666666665
2.5
2.5
4.285714285714286
1.4285714285714284
1.6666666666666665
1.875
2.916666666666667
1.0
2.5
2.5
3.5
1.1111111111111112
1.3636363636363635
1.8181818181818183
2.0
1.6666666666666665
2.7777777777777777
2.5
3.1818181818181817
1.6666666666666665
2.0
5.0
2.142857142857143
0.7142857142857142
3.6363636363636367
1.6666666666666665
1.4285714285714284
1.4285714285714284
2.2222222222222223
1.875
1.25
1.4285714285714284
2.142857142857143
2.142857142857143
1.0
2.142857142857143
0.9090909090909092
2.5
3.125
4.166666666666667
2.0
1.25
0.9090909090909092
1.6666666666666665
4.285714285714286
3.5
2.5
2.5
2.0
3.333333333333333
2.2222222222222223
3.0
2.2222222222222223
1.5384615384615385
1.5
2.6666666666666665
0.5555555555555556
4.285714285714286
2.5
2.916666666666667
1.3636363636363635
2.0
3.0
1.0
1.153846153846154
3.1818181818181817
3.888888888888889
2.8571428571428568
3.333333333333333
4.0
2.8571428571428568
2.7777777777777777
3.333333333333333
1.4285714285714284
3.333333333333333
1.6666666666666665
2.307692307692308
0.8333333333333333
1.25
2.142857142857143
2.8571428571428568
2.2222222222222223
1.4285714285714284
1.6666666666666665
1.6666666666666665
2.0
1.25
0.5555555555555556
2.142857142857143
1.25
1.4285714285714284
2.5
1.6666666666666665
3.1818181818181817
2.142857142857143
2.5
1.8181818181818183
4.5
3.333333333333333
2.7777777777777777
3.333333333333333
3.75
2.0
2.142857142857143
1.0
2.727272727272727
1.8181818181818183
3.333333333333333
1.1111111111111112
1.3333333333333333
1.25
3.1818181818181817
2.2222222222222223
4.166666666666667
4.166666666666667
2.8571428571428568
2.5
3.5714285714285716
4.5
0.0
2.5
5.0
1.6666666666666665
3.125
3.5714285714285716
1.153846153846154
1.875
0.7142857142857142
3.333333333333333
2.8571428571428568
2.142857142857143
2.2222222222222223
3.75
3.333333333333333
2.0
2.8571428571428568
2.5
1.4285714285714284
1.25
1.5
1.0
3.333333333333333
1.6666666666666665
2.8571428571428568
1.153846153846154
2.7777777777777777
1.4285714285714284
1.1111111111111112
3.125
2.727272727272727
2.5
1.25
3.5
1.4285714285714284
1.5
0.7692307692307693
2.916666666666667
2.142857142857143
1.6666666666666665
2.7777777777777777
1.8181818181818183
2.5
3.076923076923077
1.0
4.166666666666667
3.125
1.6666666666666665
1.4285714285714284
2.142857142857143
2.5
2.8571428571428568
1.3636363636363635
3.0
4.375
2.5
1.1111111111111112
1.6666666666666665
1.5
1.5
1.6666666666666665
2.5
2.142857142857143
2.8571428571428568
1.4285714285714284
1.6666666666666665
2.5
3.5714285714285716
1.25
2.2222222222222223
2.5
1.6666666666666665
3.5714285714285716
1.8421052631578947
3.076923076923077
1.8181818181818183
3.333333333333333
4.444444444444445
1.4285714285714284
2.142857142857143
1.6666666666666665
1.3636363636363635
1.1111111111111112
3.333333333333333
1.4285714285714284
2.0
3.5714285714285716
1.6666666666666665
3.125
0.8333333333333333
0.8333333333333333
1.0
3.125
2.8571428571428568
1.6666666666666665
2.142857142857143
1.6666666666666665
1.6666666666666665
2.0
1.0
1.5384615384615385
1.1111111111111112
2.5
3.125
1.875
2.5
2.5
2.5
2.2727272727272725
2.727272727272727
2.142857142857143
3.333333333333333
0.8333333333333333
3.0
2.0833333333333335
4.0
2.8571428571428568
3.333333333333333
1.0
2.0
1.875
3.333333333333333
1.6666666666666665
1.8181818181818183
0.8333333333333333
2.5
3.888888888888889
0.625
0.7692307692307693
2.142857142857143
2.7777777777777777
1.6666666666666665
2.5
1.6666666666666665
3.5
2.0833333333333335
1.25
1.25
1.4285714285714284
3.5
0.8333333333333333
1.4285714285714284
3.75
2.5
1.5
2.0
1.6666666666666665
3.333333333333333
1.25
1.25
1.4285714285714284
2.142857142857143
2.7777777777777777
2.8571428571428568
2.5
1.1111111111111112
2.5
2.0
2.5
2.5
2.142857142857143
3.888888888888889
0.8333333333333333
2.5
5.0
2.5
2.0
2.3333333333333335
3.5
1.3636363636363635
1.1111111111111112
3.333333333333333
2.5
1.875
1.3636363636363635
1.25
2.5
2.8571428571428568
3.888888888888889
1.1111111111111112
1.5384615384615385
2.142857142857143
2.7777777777777777
2.8571428571428568
0.8333333333333333
1.5384615384615385
3.125
2.5
2.2222222222222223
1.875
3.1818181818181817
1.5384615384615385
2.5
4.090909090909091
1.5384615384615385
1.1111111111111112
5.0
2.142857142857143
2.8571428571428568
2.0
2.8571428571428568
3.333333333333333
1.4285714285714284
2.5
3.5714285714285716
2.0
3.333333333333333
1.3636363636363635
1.25
1.25
1.4285714285714284
1.5
0.8333333333333333
1.1111111111111112
3.125
1.8181818181818183
2.5
3.333333333333333
2.0
1.3636363636363635
1.4285714285714284
3.333333333333333
2.5
2.5
1.875
3.5714285714285716
1.1111111111111112
1.1111111111111112
2.8571428571428568
3.333333333333333
3.333333333333333
5.0
1.6666666666666665
3.333333333333333
2.5
0.0
3.333333333333333
2.727272727272727
2.5
3.0
1.4285714285714284
0.9375
3.333333333333333
2.2222222222222223
2.307692307692308
3.5
2.692307692307692
1.1111111111111112
3.333333333333333
1.6666666666666665
3.75
3.1818181818181817
1.4705882352941178
2.5
1.1111111111111112
2.692307692307692
1.0
0.8333333333333333
4.5
3.5714285714285716
1.25
2.0
0
0.9090909090909092
2.2727272727272725
1.875
4.5
0.7692307692307693
1.25
3.1818181818181817
2.142857142857143
0.7692307692307693
1.4705882352941178
4.0
2.5
3.888888888888889
0.9090909090909092
4.5
2.142857142857143
2.916666666666667
3.0
1.5
1.6666666666666665
1.1111111111111112
2.2727272727272725
1.3636363636363635
1.875
4.444444444444445
0.7692307692307693
3.5
2.2727272727272725
3.888888888888889
3.888888888888889
1.5
1.3636363636363635
4.0
4.285714285714286
2.5
2.5
2.5
1.875
3.125
1.6666666666666665
2.727272727272727
2.5
2.8571428571428568
2.142857142857143
2.0
2.2727272727272725
2.8571428571428568
1.6666666666666665
3.125
2.0
1.875
3.5714285714285716
4.166666666666667
2.5
3.6363636363636367
3.125
1.25
1.4285714285714284
4.0
2.5
1.6666666666666665
2.142857142857143
1.6666666666666665
1.4285714285714284
2.5
2.142857142857143
2.7777777777777777
1.4285714285714284
3.5714285714285716
2.5
3.75
1.4285714285714284
1.875
1.6666666666666665
2.8571428571428568
2.0
1.5384615384615385
2.8571428571428568
1.4285714285714284
1.3636363636363635
2.0
2.2222222222222223
1.8181818181818183
2.2222222222222223
2.7777777777777777
1.9230769230769231
3.333333333333333
2.2222222222222223
2.5
1.25
2.5
1.875
2.8571428571428568
2.142857142857143
4.166666666666667
2.8571428571428568
5.0
3.5714285714285716
3.5
2.692307692307692
0.625
1.6666666666666665
1.0
2.8571428571428568
3.333333333333333
2.8571428571428568
4.444444444444445
2.5
0.8333333333333333
4.444444444444445
1.6666666666666665
2.142857142857143
1.875
1.4285714285714284
2.307692307692308
2.7777777777777777
3.0
1.8181818181818183
1.5
2.7777777777777777
1.6666666666666665
3.333333333333333
2.2222222222222223
2.5
3.888888888888889
2.142857142857143
2.8571428571428568
2.0
2.8571428571428568
3.333333333333333
2.5
3.0
3.333333333333333
1.0
2.2727272727272725
1.1111111111111112
2.5
1.25
4.375
2.5
2.0
1.6666666666666665
2.142857142857143
1.3636363636363635
1.153846153846154
2.5
3.75
2.2222222222222223
2.142857142857143
3.0
3.0
0.625
3.0
2.2222222222222223
0.625
3.125
0.7142857142857142
4.375
2.2222222222222223
2.5
2.5
1.0714285714285714
2.142857142857143
1.875
3.75
3.75
4.166666666666667
2.8571428571428568
1.5
2.5
2.5
1.3636363636363635
1.9230769230769231
3.125
2.916666666666667
2.142857142857143
3.5714285714285716
3.0
2.0833333333333335
3.125
4.0
3.5714285714285716
4.375
4.285714285714286
3.888888888888889
4.0
2.5
2.5
5.0
1.6666666666666665
3.75
3.75
4.166666666666667
1.6666666666666665
3.5714285714285716
2.5
4.375
5.0
5.0
3.75
3.5714285714285716
3.5
3.333333333333333
4.166666666666667
3.75
3.75
5.0
3.5714285714285716
4.166666666666667
3.5714285714285716
3.333333333333333
2.142857142857143
2.2222222222222223
4.0
4.0
4.0
3.75
2.5
4.166666666666667
3.333333333333333
3.333333333333333
2.8571428571428568
3.333333333333333
2.5
2.142857142857143
5.0
2.142857142857143
3.333333333333333
3.333333333333333
3.333333333333333
3.0
3.333333333333333
4.375
4.166666666666667
4.0
4.0
1.6666666666666665
3.75
4.0
2.5
3.5714285714285716
2.5
3.5714285714285716
3.333333333333333
4.0
4.166666666666667
3.333333333333333
2.5
2.5
3.5714285714285716
3.0
3.0
3.0
4.0
2.142857142857143
3.5714285714285716
4.166666666666667
4.0
3.75
2.5
4.166666666666667
4.166666666666667
4.166666666666667
2.5
4.0
3.75
1.4285714285714284
3.75
2.7777777777777777
3.5714285714285716
4.0
3.0
4.166666666666667
4.166666666666667
4.166666666666667
4.166666666666667
4.166666666666667
4.166666666666667
2.142857142857143
3.333333333333333
2.8571428571428568
4.285714285714286
3.75
3.75
3.75
5.0
3.5714285714285716
2.142857142857143
3.0
4.166666666666667
3.333333333333333
3.0
4.166666666666667
1.25
3.333333333333333
3.333333333333333
3.75
3.333333333333333
5.0
2.5
1.6666666666666665
3.333333333333333
2.0
4.166666666666667
2.5
3.333333333333333
4.166666666666667
2.142857142857143
3.125
4.0
2.142857142857143
5.0
3.333333333333333
3.75
3.75
3.75
4.0
2.5
3.333333333333333
4.0
2.8571428571428568
2.5
2.0
2.5
2.5
4.0
4.166666666666667
3.333333333333333
2.5
2.5
3.333333333333333
3.333333333333333
3.125
3.5714285714285716
3.5714285714285716
2.8571428571428568
2.8571428571428568
2.5
3.5714285714285716
2.142857142857143
2.5
3.333333333333333
3.0
3.333333333333333
2.5
3.0
4.285714285714286
3.0
1.6666666666666665
5.0
2.5
1.4285714285714284
3.75
4.0
3.5714285714285716
4.166666666666667
2.5
2.5
4.166666666666667
4.166666666666667
3.75
3.75
2.7777777777777777
4.285714285714286
4.166666666666667
1.875
2.142857142857143
1.6666666666666665
2.142857142857143
3.0
3.333333333333333
3.333333333333333
3.333333333333333
3.333333333333333
3.75
2.8571428571428568
2.5
5.0
2.5
2.0
2.5
2.5
2.2222222222222223
3.0
2.5
2.5
2.8571428571428568
3.333333333333333
2.0
2.0
3.888888888888889
2.5
2.8571428571428568
2.0
2.7777777777777777
5.0
3.0
3.0
3.0
4.0
2.7777777777777777
4.166666666666667
3.333333333333333
1.8181818181818183
2.5
1.4285714285714284
4.0
2.5
3.0
3.333333333333333
3.5
4.166666666666667
2.5
1.6666666666666665
1.875
2.5
2.8571428571428568
3.333333333333333
3.125
1.6666666666666665
3.0
4.166666666666667
2.5
2.5
3.0
2.5
1.6666666666666665
2.142857142857143
2.8571428571428568
3.333333333333333
3.75
2.5
2.142857142857143
2.0
4.0
5.0
2.5
3.333333333333333
2.0
1.25
3.0
2.8571428571428568
5.0
2.5
2.5
2.8571428571428568
5.0
4.0
1.875
2.8571428571428568
2.8571428571428568
5.0
4.0
3.333333333333333
3.125
3.125
3.333333333333333
2.5
4.166666666666667
1.6666666666666665
3.333333333333333
3.5714285714285716
3.333333333333333
3.5714285714285716
2.5
3.125
4.0
2.5
2.5
2.7777777777777777
3.75
3.125
2.5
3.0
2.5
2.5
2.8571428571428568
4.0
2.5
3.75
1.25
2.5
2.5
2.5
2.8571428571428568
2.5
2.5
2.5
3.333333333333333
3.333333333333333
3.125
2.5
1.875
2.5
2.2222222222222223
3.75
3.0
2.5
3.333333333333333
2.0
4.0
2.5
1.0
2.8571428571428568
2.5
2.5
2.5
2.5
3.75
3.75
2.5
2.8571428571428568
2.5
1.0
3.0
3.0
3.0
2.8571428571428568
3.5714285714285716
3.333333333333333
3.333333333333333
3.333333333333333
2.5
3.0
2.5
2.5
3.333333333333333
3.0
2.8571428571428568
3.0
1.6666666666666665
2.8571428571428568
2.0
1.6666666666666665
2.8571428571428568
2.5
4.166666666666667
2.5
2.5
1.875
1.4285714285714284
1.4285714285714284
2.8571428571428568
4.0
3.0
2.142857142857143
2.5
1.875
1.6666666666666665
3.75
2.0
2.0
3.333333333333333
2.8571428571428568
2.142857142857143
2.5
3.0
2.142857142857143
2.8571428571428568
2.5
2.916666666666667
1.4285714285714284
2.5
2.142857142857143
3.75
3.0
2.5
2.5
2.0
2.0
2.5
2.0
3.333333333333333
2.5
2.8571428571428568
2.142857142857143
1.6666666666666665
2.7777777777777777
1.875
2.142857142857143
3.125
2.142857142857143
2.142857142857143
3.5714285714285716
0.8333333333333333
0.9090909090909092
2.5
2.5
2.5
3.75
3.333333333333333
2.0
3.333333333333333
2.727272727272727
1.875
2.2222222222222223
1.875
2.5
5.0
2.0
3.333333333333333
2.5
2.0
2.0
2.5
1.1111111111111112
1.25
2.0
4.0
1.6666666666666665
2.0
1.6666666666666665
1.8181818181818183
2.0
2.0833333333333335
1.4285714285714284
1.6666666666666665
2.5
1.875
1.6666666666666665
1.4285714285714284
2.142857142857143
2.5
2.5
2.5
1.6666666666666665
4.0
2.8571428571428568
2.5
1.6666666666666665
1.0
1.875
2.5
1.875
3.0
2.5
2.5
1.875
1.0
2.5
2.5
1.25
2.5
2.5
2.2222222222222223
1.6666666666666665
2.0
1.0
2.5
1.6666666666666665
2.5
2.2222222222222223
2.5
1.25
2.5
2.7777777777777777
1.0
2.0
4.166666666666667
1.6666666666666665
3.333333333333333
1.6666666666666665
3.0
2.5
1.6666666666666665
2.5
2.0
1.1111111111111112
2.5
1.6666666666666665
1.6666666666666665
2.142857142857143
2.142857142857143
1.875
2.2222222222222223
2.5
1.6666666666666665
1.6666666666666665
2.0
1.6666666666666665
1.6666666666666665
2.5
2.0833333333333335
2.5
1.6666666666666665
2.5
1.6666666666666665
0.8333333333333333
2.0
1.6666666666666665
3.5714285714285716
2.142857142857143
2.5
1.875
2.142857142857143
1.6666666666666665
2.5
1.7857142857142858
1.875
2.142857142857143
1.5
1.6666666666666665
3.0
2.5
1.0
2.142857142857143
2.0
2.0
1.6666666666666665
1.4285714285714284
1.875
2.7777777777777777
2.5
2.8571428571428568
1.6666666666666665
2.0
2.0
1.4285714285714284
1.6666666666666665
2.5
1.6666666666666665
1.6666666666666665
2.5
1.25
3.0
1.6666666666666665
1.6666666666666665
0.7142857142857142
0.7142857142857142
1.875
1.5
1.875
1.1111111111111112
2.5
2.5
2.0
1.6666666666666665
1.1111111111111112
0.7142857142857142
2.142857142857143
1.0
1.4285714285714284
1.6666666666666665
1.25
1.6666666666666665
1.6666666666666665
1.4285714285714284
1.875
2.5
1.0
3.0
2.5
1.4285714285714284
2.0
2.0
5.0
1.6666666666666665
2.142857142857143
2.2727272727272725
1.25
1.4285714285714284
1.875
1.25
1.5
2.2727272727272725
1.4285714285714284
2.142857142857143
3.0
2.142857142857143
1.6666666666666665
1.25
2.142857142857143
0.8333333333333333
1.25
1.6666666666666665
1.6666666666666665
2.142857142857143
2.7777777777777777
3.333333333333333
3.5714285714285716
2.5
0
1.25
1.6666666666666665
2.142857142857143
3.333333333333333
2.5
1.0
1.875
0
2.0
1.6666666666666665
1.6666666666666665
1.0
1.0
1.5
3.0
2.8571428571428568
3.0
1.875
1.5384615384615385
1.6666666666666665
1.0
1.6666666666666665
1.4285714285714284
2.5
2.142857142857143
1.4285714285714284
1.6666666666666665
2.7777777777777777
1.6666666666666665
1.6666666666666665
1.4285714285714284
2.0
1.6666666666666665
1.4285714285714284
1.6666666666666665
0.7142857142857142
0.8333333333333333
1.25
2.0
1.4285714285714284
1.6666666666666665
0.7142857142857142
1.25
1.4285714285714284
1.25
3.0
2.5
1.1111111111111112
1.6666666666666665
3.0
1.25
3.0
0.7142857142857142
1.8181818181818183
0
1.0
2.0
0.8333333333333333
1.4285714285714284
1.6666666666666665
2.0
2.0
1.5
2.142857142857143
0
1.25
1.4285714285714284
0.8333333333333333
0.5
3.0
2.2222222222222223
0.9090909090909092
1.6666666666666665
1.4285714285714284
2.7777777777777777
0.8333333333333333
0.7142857142857142
1.1111111111111112
0.8333333333333333
1.4285714285714284
2.142857142857143
1.5
0.8333333333333333
1.6666666666666665
1.6666666666666665
1.4285714285714284
1.25
0.9090909090909092
1.3636363636363635
1.6666666666666665
1.6666666666666665
1.1111111111111112
1.6666666666666665
1.6666666666666665
0.5555555555555556
2.142857142857143
1.0
1.0
2.0
1.4285714285714284
1.4285714285714284
2.0
1.6666666666666665
0.8333333333333333
0.625
1.6666666666666665
1.4285714285714284
1.0
1.6666666666666665
1.25
3.5714285714285716
2.142857142857143
1.1111111111111112
2.5
1.6666666666666665
1.25
3.333333333333333
2.5
0
2.142857142857143
0
2.5
0.8333333333333333
2.0
1.0
0.8333333333333333
1.25
2.8571428571428568
2.0
1.6666666666666665
1.25
1.6666666666666665
1.3333333333333333
1.0
1.0
1.25
0.625
1.25
1.4285714285714284
1.25
0.8333333333333333
0
1.6666666666666665
1.4285714285714284
1.6666666666666665
1.4285714285714284
1.6666666666666665
2.8571428571428568
1.0714285714285714
2.2727272727272725
2.5
2.2222222222222223
2.0833333333333335
0.8333333333333333
0.9090909090909092
1.8181818181818183
1.6666666666666665
1.0
1.8181818181818183
1.8181818181818183
1.25
1.5625
1.3333333333333333
1.9230769230769231
2.0
1.6666666666666665
2.142857142857143
0.9090909090909092
2.5
2.0
1.5625
3.0
2.0
3.75
2.5
2.0
2.8571428571428568
2.5
3.1818181818181817
3.0
1.4285714285714284
1.1111111111111112
2.2222222222222223
1.875
2.8571428571428568
1.25
1.9230769230769231
2.8571428571428568
1.6666666666666665
2.8571428571428568
2.0
2.2727272727272725
2.8571428571428568
0.3571428571428571
1.8181818181818183
2.727272727272727
2.0
1.6666666666666665
1.6666666666666665
2.5
1.0
3.0
2.307692307692308
3.2142857142857144
4.090909090909091
1.9230769230769231
3.0
1.1111111111111112
1.8181818181818183
1.25
1.6666666666666665
3.0
2.5
1.875
4.166666666666667
3.4615384615384617
3.75
0
3.333333333333333
2.5
2.0
3.75
1.0714285714285714
1.0
1.875
3.75
2.5
2.2222222222222223
3.4615384615384617
4.615384615384616
1.25
3.333333333333333
2.0833333333333335
2.692307692307692
1.0
3.333333333333333
3.75
3.1818181818181817
2.5
3.75
2.3333333333333335
2.6666666666666665
2.5
4.090909090909091
2.5
2.2727272727272725
1.25
1.9230769230769231
1.0
1.25
1.25
1.0
1.1111111111111112
2.2727272727272725
1.5
2.8571428571428568
2.692307692307692
1.5
3.6363636363636367
4.230769230769231
0.8333333333333333
1.25
1.6666666666666665
3.0
2.5
1.875
2.0
2.1875
3.0
0
0.8333333333333333
1.6666666666666665
1.4285714285714284
2.5
1.0714285714285714
1.25
1.5625
1.4285714285714284
2.5
2.142857142857143
0.8333333333333333
1.875
1.5625
0.41666666666666663
1.5625
3.75
3.1818181818181817
3.1818181818181817
1.7857142857142858
2.5
2.0
1.3636363636363635
1.6666666666666665
1.8181818181818183
2.1875
2.5
3.333333333333333
3.333333333333333
2.2727272727272725
3.1818181818181817
2.5
2.5
4.545454545454545
1.3333333333333333
1.875
2.8571428571428568
2.5
1.6666666666666665
2.5
3.75
1.4285714285714284
5.0
2.3333333333333335
2.727272727272727
2.307692307692308
2.142857142857143
1.6666666666666665
2.0833333333333335
1.0
1.5
3.0
2.2222222222222223
1.0714285714285714
0.5
3.333333333333333
1.875
2.8571428571428568
1.9230769230769231
4.166666666666667
1.3636363636363635
3.4615384615384617
1.5
2.6666666666666665
2.1875
2.5
1.6666666666666665
4.166666666666667
2.0833333333333335
1.875
4.0
2.2222222222222223
1.5384615384615385
2.7777777777777777
1.875
2.5
1.0714285714285714
2.2222222222222223
5.0
1.25
2.5
1.5625
3.1818181818181817
2.692307692307692
2.8571428571428568
5.0
4.0
1.5625
1.25
1.5625
3.75
1.0
1.6666666666666665
3.75
3.333333333333333
1.0
3.333333333333333
1.6666666666666665
2.8571428571428568
2.8571428571428568
0.8333333333333333
3.333333333333333
3.1818181818181817
2.2222222222222223
2.0
5.0
3.75
1.25
1.0
2.5
3.333333333333333
2.5
4.230769230769231
3.8461538461538463
1.25
1.6666666666666665
1.4285714285714284
3.0
2.6666666666666665
4.545454545454545
3.333333333333333
3.75
0.9090909090909092
2.692307692307692
4.166666666666667
1.6666666666666665
3.0
2.5
4.583333333333333
5.0
1.875
2.2727272727272725
2.2222222222222223
2.0
0.625
1.875
2.5
1.6666666666666665
2.0
1.8181818181818183
1.0
2.5
1.1111111111111112
2.5
3.125
3.333333333333333
3.75
1.6666666666666665
1.3636363636363635
2.5
1.0714285714285714
2.8571428571428568
4.090909090909091
1.4285714285714284
1.875
3.6666666666666665
2.0
1.25
2.7777777777777777
2.5
1.5625
3.8461538461538463
3.6363636363636367
1.875
3.75
2.2222222222222223
0.8333333333333333
3.1818181818181817
3.125
2.5
1.875
2.3333333333333335
2.5
2.307692307692308
1.6666666666666665
2.0
1.25
2.0
3.0
1.5
2.692307692307692
1.3636363636363635
1.8181818181818183
2.0
2.1875
1.25
2.1875
2.5
1.3333333333333333
2.692307692307692
1.9230769230769231
3.0
1.5
3.1818181818181817
1.25
2.5
1.4285714285714284
2.916666666666667
3.0
1.25
2.142857142857143
2.2222222222222223
1.6666666666666665
1.5
5.0
3.75
3.75
1.0
1.5384615384615385
1.7857142857142858
1.5
2.0
1.0
3.0
1.3333333333333333
1.9230769230769231
1.875
4.090909090909091
3.4615384615384617
2.8571428571428568
2.8571428571428568
1.8181818181818183
0.8333333333333333
1.9230769230769231
1.5
0.9090909090909092
1.6666666666666665
5.0
0.9090909090909092
2.0
1.8181818181818183
3.333333333333333
2.692307692307692
2.2222222222222223
3.0
2.2727272727272725
1.5
1.4285714285714284
3.333333333333333
1.0714285714285714
2.5
3.75
1.5625
3.6666666666666665
2.5
4.545454545454545
5.0
1.0
4.230769230769231
0.625
1.0714285714285714
3.125
1.5
1.0
1.25
0.9090909090909092
0.8333333333333333
1.0
2.692307692307692
1.25
2.0
2.307692307692308
0.9090909090909092
1.5
2.8571428571428568
1.875
2.307692307692308
1.6666666666666665
1.0
5.0
2.5
2.692307692307692
1.3333333333333333
1.25
0.4545454545454546
2.5
3.333333333333333
2.5
3.1818181818181817
3.076923076923077
3.333333333333333
5.0
0.7692307692307693
1.0
3.5714285714285716
0.9375
3.333333333333333
2.142857142857143
1.3636363636363635
2.0
1.875
0.9090909090909092
5.0
1.5384615384615385
2.6666666666666665
2.6666666666666665
4.090909090909091
2.2727272727272725
5.0
0.9090909090909092
5.0
5.0
2.692307692307692
2.692307692307692
1.875
2.0833333333333335
2.5
1.1111111111111112
3.333333333333333
1.6666666666666665
1.8181818181818183
3.0
2.5
1.4285714285714284
1.9230769230769231
5.0
3.333333333333333
3.0
5.0
2.727272727272727
1.5625
2.727272727272727
2.7777777777777777
2.5
1.5625
5.0
3.0
5.0
2.6666666666666665
1.5384615384615385
1.9230769230769231
1.5625
3.0
2.5
1.25
2.5
5.0
3.0
2.8571428571428568
1.8181818181818183
3.333333333333333
3.4615384615384617
1.6666666666666665
2.5
2.5
2.5
2.5
2.5
2.3333333333333335
2.727272727272727
1.5
2.5
5.0
1.1111111111111112
5.0
2.8571428571428568
1.3636363636363635
1.8181818181818183
2.5
3.125
5.0
3.125
5.0
3.333333333333333
1.5384615384615385
1.3636363636363635
5.0
3.75
2.5
0.5555555555555556
2.6666666666666665
1.5
2.0
1.5384615384615385
3.1818181818181817
2.5
2.1875
1.6666666666666665
2.2727272727272725
5.0
2.8571428571428568
2.5
1.875
1.3636363636363635
5.0
2.8571428571428568
2.0833333333333335
3.0
4.444444444444445
5.0
1.1111111111111112
3.0
5.0
2.2727272727272725
4.444444444444445
1.3333333333333333
2.6666666666666665
2.5
2.5
3.333333333333333
5.0
2.5
2.6666666666666665
1.6666666666666665
3.0
3.125
1.5384615384615385
3.5714285714285716
1.1111111111111112
2.2727272727272725
1.1111111111111112
1.6666666666666665
4.444444444444445
3.125
1.5625
2.6666666666666665
3.125
5.0
2.3333333333333335
1.3333333333333333
5.0
1.5
3.0
1.5
1.3636363636363635
2.0833333333333335
1.0
1.1111111111111112
2.5
4.285714285714286
2.5
3.333333333333333
1.6666666666666665
1.5
2.5
1.1111111111111112
5.0
1.3636363636363635
1.5
1.3333333333333333
2.5
1.3333333333333333
2.0
3.5
2.2222222222222223
5.0
1.6666666666666665
2.727272727272727
2.8571428571428568
1.6666666666666665
2.2727272727272725
1.9230769230769231
1.4285714285714284
1.875
2.692307692307692
1.1111111111111112
1.1111111111111112
5.0
2.8571428571428568
2.0833333333333335
1.5
3.0
2.692307692307692
4.444444444444445
1.6666666666666665
1.6666666666666665
5.0
1.3636363636363635
5.0
5.0
3.333333333333333
2.3333333333333335
1.25
2.1875
5.0
2.727272727272727
5.0
2.5
5.0
3.4615384615384617
5.0
3.333333333333333
1.3333333333333333
1.8181818181818183
3.1818181818181817
2.0833333333333335
2.142857142857143
2.5
1.1111111111111112
1.8181818181818183
2.0
1.8181818181818183
3.1818181818181817
5.0
1.3636363636363635
2.5
2.142857142857143
1.3333333333333333
1.25
1.5625
2.5
5.0
1.5384615384615385
1.3333333333333333
3.333333333333333
2.6666666666666665
1.8181818181818183
5.0
1.1111111111111112
1.1111111111111112
2.307692307692308
3.333333333333333
2.8125
0.9090909090909092
2.2727272727272725
2.0
1.3636363636363635
1.3636363636363635
2.692307692307692
2.0833333333333335
2.5
3.076923076923077
3.1818181818181817
1.5625
2.307692307692308
3.333333333333333
1.8181818181818183
1.3333333333333333
1.6666666666666665
1.1111111111111112
3.0
1.6666666666666665
1.6666666666666665
2.0833333333333335
1.3636363636363635
1.1111111111111112
3.076923076923077
5.0
3.1818181818181817
3.125
1.1111111111111112
2.6666666666666665
2.5
0.5555555555555556
0.5555555555555556
0.5555555555555556
3.4615384615384617
2.0833333333333335
2.1875
1.1111111111111112
1.1111111111111112
1.9230769230769231
0
5.0
2.5
2.7777777777777777
3.125
2.0
1.875
2.8571428571428568
3.0
1.5384615384615385
2.5
2.5
1.4285714285714284
1.5
3.125
1.1111111111111112
3.5714285714285716
2.727272727272727
1.25
1.5
0.0
3.0
4.0
3.4615384615384617
3.0
2.5
1.3636363636363635
2.0
3.1818181818181817
3.333333333333333
2.5
3.125
5.0
3.1818181818181817
1.3636363636363635
5.0
1.3636363636363635
2.8571428571428568
1.1111111111111112
2.5
2.1875
2.0
5.0
2.2727272727272725
2.142857142857143
1.3333333333333333
3.0
2.5
1.8181818181818183
2.0
2.142857142857143
4.444444444444445
2.5
1.3636363636363635
5.0
5.0
1.3333333333333333
2.142857142857143
4.444444444444445
3.333333333333333
0.5
1.875
3.0
3.0
1.6666666666666665
2.2727272727272725
2.8571428571428568
3.333333333333333
2.0
2.5
1.1111111111111112
1.5384615384615385
1.6666666666666665
1.7857142857142858
3.333333333333333
3.125
5.0
3.125
1.25
1.6666666666666665
1.5384615384615385
1.25
1.5
5.0
2.5
5.0
2.5
5.0
1.3636363636363635
5.0
2.0
3.1818181818181817
1.5
1.5384615384615385
5.0
3.125
2.727272727272727
1.0
2.5
1.8181818181818183
2.2727272727272725
4.285714285714286
5.0
5.0
1.5
2.5
2.692307692307692
1.1111111111111112
1.6666666666666665
2.6666666666666665
1.1111111111111112
1.3333333333333333
2.0833333333333335
1.1111111111111112
1.5
2.2727272727272725
3.5714285714285716
3.333333333333333
3.75
1.3636363636363635
5.0
2.1875
1.0
0.5555555555555556
2.142857142857143
2.142857142857143
5.0
3.125
3.75
1.3636363636363635
1.3333333333333333
2.1875
5.0
5.0
3.0
2.0
3.6363636363636367
1.1111111111111112
3.0
3.333333333333333
2.307692307692308
1.5
3.333333333333333
1.5
2.5
3.75
2.5
1.0
2.8571428571428568
1.3333333333333333
1.5
5.0
5.0
2.5
1.875
2.0833333333333335
4.545454545454545
1.5
5.0
1.5625
1.875
1.3636363636363635
3.75
2.2222222222222223
2.2727272727272725
3.1818181818181817
5.0
4.444444444444445
1.875
4.444444444444445
1.8181818181818183
3.125
5.0
3.333333333333333
3.333333333333333
1.3636363636363635
1.1111111111111112
1.25
3.076923076923077
2.8571428571428568
2.2222222222222223
1.5384615384615385
2.307692307692308
1.3636363636363635
1.0714285714285714
0.6666666666666666
2.3684210526315788
2.5
1.3333333333333333
1.9642857142857142
2.0
3.333333333333333
1.1363636363636362
3.75
3.0
2.5
2.8571428571428568
2.5
2.3333333333333335
2.608695652173913
2.0833333333333335
2.142857142857143
1.5384615384615385
1.6666666666666665
1.4285714285714284
1.5217391304347827
3.5999999999999996
2.2222222222222223
1.7647058823529413
3.4375
4.285714285714286
1.8181818181818183
2.0454545454545454
2.8571428571428568
3.5714285714285716
1.4285714285714284
1.3333333333333333
1.3333333333333333
1.7857142857142858
2.75
2.0
1.6666666666666665
2.8125
3.125
3.75
3.269230769230769
3.4615384615384617
2.3529411764705883
4.7368421052631575
1.75
2.0
2.5
2.0588235294117645
3.75
2.0
3.75
2.4
3.0952380952380953
3.0
2.0833333333333335
2.3333333333333335
2.7777777777777777
2.5
1.8181818181818183
3.8095238095238093
2.8125
0.625
2.826086956521739
3.2
2.0
3.055555555555556
2.1052631578947367
2.142857142857143
2.7777777777777777
3.5999999999999996
2.0689655172413794
1.0714285714285714
1.8421052631578947
2.2222222222222223
1.25
1.0714285714285714
3.125
2.5
1.7391304347826086
3.333333333333333
3.5294117647058827
4.6000000000000005
1.875
2.2222222222222223
3.0
2.631578947368421
3.4000000000000004
2.1052631578947367
2.25
1.5909090909090908
2.9411764705882355
2.8571428571428568
1.6666666666666665
2.8125
3.6363636363636367
2.6666666666666665
3.333333333333333
1.875
1.6666666666666665
1.25
2.307692307692308
2.0588235294117645
1.153846153846154
2.727272727272727
2.8000000000000003
1.9230769230769231
1.1111111111111112
2.0
1.153846153846154
1.7857142857142858
2.142857142857143
1.7857142857142858
3.333333333333333
3.5294117647058827
0.9375
1.9230769230769231
1.1764705882352942
1.7999999999999998
3.947368421052632
2.142857142857143
2.6666666666666665
2.1052631578947367
2.0833333333333335
2.0833333333333335
3.125
3.9130434782608696
3.5
3.333333333333333
2.2222222222222223
1.6666666666666665
3.333333333333333
1.4285714285714284
2.3684210526315788
2.5
2.631578947368421
2.5
2.5
1.5625
1.0526315789473684
2.692307692307692
1.3636363636363635
1.3888888888888888
3.1578947368421053
3.4375
3.8235294117647056
3.076923076923077
2.0588235294117645
2.142857142857143
3.333333333333333
2.8571428571428568
3.6842105263157894
2.142857142857143
3.1578947368421053
0.41666666666666663
1.1764705882352942
4.375
3.076923076923077
3.333333333333333
2.5
3.5714285714285716
2.0
3.5714285714285716
4.2105263157894735
1.7647058823529413
1.875
2.3333333333333335
2.0
3.75
2.25
3.6363636363636367
4.090909090909091
1.5909090909090908
0.6818181818181818
0.8695652173913043
2.5
1.9230769230769231
3.0
1.5789473684210527
1.5625
1.7857142857142858
1.0
1.9047619047619047
2.916666666666667
0.9090909090909092
1.25
3.888888888888889
1.6
4.0625
1.7391304347826086
2.0588235294117645
3.75
2.3684210526315788
1.6666666666666665
1.5384615384615385
1.5
2.75
4.333333333333334
1.6666666666666665
2.0833333333333335
3.8461538461538463
1.5
1.25
1.5789473684210527
2.5
2.5
1.5789473684210527
1.5384615384615385
1.5625
0.7692307692307693
0.8333333333333333
1.4285714285714284
2.5
1.7391304347826086
1.5384615384615385
1.5789473684210527
2.692307692307692
2.142857142857143
2.307692307692308
0.8823529411764707
1.1764705882352942
1.0869565217391304
3.055555555555556
3.125
2.2222222222222223
1.4285714285714284
2.0
2.6470588235294117
3.4375
2.916666666666667
2.1153846153846154
2.5
3.0
2.5
1.25
2.7777777777777777
1.7857142857142858
2.1739130434782608
3.75
1.5
1.6666666666666665
2.75
3.333333333333333
1.1111111111111112
2.631578947368421
1.7857142857142858
