3.61081240465
3.65515923109
3.30629261022
1.08343753793
0.975626437464
3.37622655553
3.57658317323
3.88052952808
1.66103147526
2.70530716629
3.47063272146
4.83119478422
1.48810831061
2.9811964409
1.03292393549
4.43839660857
3.50870180076
3.40923712219
1.80628653127
1.52037386317
2.95325669577
4.30035635146
-0.0212778057221
2.05356117124
3.16933338917
3.07593429485
3.31312567515
1.82427480408
4.90018939675
4.18447885016
2.85861653344
2.87029740869
2.26308189641
1.22190735393
1.91666091408
1.27567809817
3.41504102237
2.73609488224
2.62652442199
3.44600672213
1.69381025422
1.14629282372
1.80238673301
2.09751390744
3.70943851915
2.06723052494
2.73849555222
3.07195092506
3.87446711315
3.51176774196
2.62187346665
4.05057884474
4.62648449124
3.04931903137
3.05484034326
4.55003684269
3.68583283316
3.00756989078
1.52283554323
2.92972452597
2.3950329843
3.56484797798
4.15811925245
3.3912267354
3.5309067092
2.14891442809
3.48467172064
2.52280230802
4.31841066584
4.27512667595
2.47211948625
4.4546630128
4.18601661625
3.07828017403
1.98408683328
4.23646440524
1.22141342489
4.47510662984
2.82098131935
3.75105063449
4.37007630038
3.78724577041
3.89291205177
4.14564840346
2.6100937802
0.649366975909
3.69479339795
1.78186843936
1.09688461747
2.81892665601
3.49956257739
3.89896553388
0.863889541086
3.21358528947
4.1611109289
4.08747886206
1.92656952685
2.5100485309
3.10072127056
3.40682109444
4.21377208914
1.56027786317
3.77841681481
1.98068823847
3.04402511375
3.76171070483
3.0619913943
2.00416731329
4.75628002691
4.30319785066
2.34928324124
4.79825726166
1.06801944504
1.88819746055
3.62759458168
3.75217270925
0.845746553658
4.32793149562
4.23004701909
3.12363808984
2.91305345343
2.63952303923
5
3.13483902518
3.54858447491
4.55342407508
3.26161811705
3.69982267662
1.16562608168
1.49987615658
2.42577642109
1.21504077601
4.00633762848
3.00647478061
2.23697348939
3.71939623437
1.93116572032
2.41596749308
2.32972559261
2.94706714538
1.22253240375
3.55337661978
3.69809104618
2.69967646446
3.93356113786
1.60473422103
1.90157621267
2.62452745732
2.85074710047
1.84186565653
3.113076437
3.22068780337
2.31307581197
2.55614815635
3.37378884554
2.3110165797
1.26042342266
4.29965380976
0.0999598488355
3.14720945335
3.34821470857
3.57323475579
3.30132791645
0.885762794378
3.88931492292
4.31119409832
2.54259178659
4.11071742407
3.40715558401
2.5029267691
2.47436944557
1.83594629542
1.14039703552
2.68551369038
3.3607213008
3.07593429485
2.63631774572
3.66844880799
0.899055621352
4.38947231024
3.38563727332
3.71846261267
4.08808147585
3.24151235104
3.63323694497
2.67885084467
3.22717441773
3.67801507727
0.907257428346
2.71020624504
0.766155907708
4.00711443455
3.2049823452
3.63432332589
2.46748831853
2.63522779659
2.10903220188
4.06586383681
4.36696813702
0.136057199037
3.12510945994
3.16572633872
3.40225659947
0.500330795315
3.42407261658
3.79027832573
3.53007560544
1.78404244171
4.04312263528
3.98035382742
4.80646214352
1.50806589743
3.83250941024
3.97109519441
2.15266713779
1.29225818545
3.94695624356
3.59151011923
3.10956398624
1.21462846903
2.30038586053
1.53074179349
0.213172522773
2.12456728724
2.13482371978
1.30123307936
3.80277197268
3.17083546435
2.31438438084
3.11089534925
1.70223938403
0.688663189501
3.97605566916
2.09975405496
3.33657068715
3.87755672541
3.91660925526
3.95573223993
3.4593668349
3.6763673452
1.37010317353
4.70645188349
3.80170165814
2.73846735915
3.82951470801
3.90041656121
2.69367345486
1.4555365849
4.179047574
4.09968168168
1.86206300818
2.58785659033
4.0261956495
3.44245454686
3.44818236113
3.4243804491
2.74045489768
4.04871858219
3.90041656121
3.27586754208
4.02175072725
2.02895133433
2.87739078347
4.31602667555
3.33358605022
1.99273734703
3.06069067347
3.40396880696
1.98048773325
3.56762809826
4.20544651733
2.89266111497
3.13989360805
2.76698132579
0.234424641669
2.7460876551
1.45750657236
3.29881729927
4.1998118113
2.78391483359
4.19747158998
1.92456209708
2.84412408656
3.4530644294
3.02752505491
2.64617074941
2.11151397337
3.19314152865
3.59649029318
2.95557884723
3.81757176316
4.39927904932
1.99995846287
2.49416851622
2.8536671343
0.632953065903
2.36906314711
3.54061786117
3.97915282707
2.89407192819
3.18291098246
3.17782479739
1.46575299788
3.27299134619
0.746273639386
0.764153889013
4.56763619269
2.91355629313
3.44193095185
3.23602818357
4.50491547013
1.29975446989
3.11428532451
4.57193154888
3.3770632025
3.35505081072
3.594474523
2.35827959453
1.74405441963
3.15360279019
1.71214484327
2.01995768854
3.51564337336
3.33797275794
1.43884034079
3.77488737612
4.80960065146
4.434184875
3.76103477861
4.71806359052
4.4847735444
0.815774822188
4.48303932816
1.12381798805
3.62451388956
1.37966949154
2.34190003415
2.30461486506
1.39983541035
2.1502754972
2.8549557971
3.25602435766
3.0072289181
4.21365927651
3.14842369335
3.95371290879
4.89880360555
2.5586518081
3.63486895182
1.23576109869
3.64027196187
2.59595992297
3.22958969142
4.10190379521
1.03156399266
4.10180373491
0.815037524706
3.57871662204
4.38235896302
0.565665093209
3.95903950858
4.62339349723
3.56762809826
3.18581046967
3.30619704122
3.85519096193
1.58312063897
0.439125827934
1.15465491032
1.43244324117
3.32841458273
2.69994792167
2.38413167607
3.65844147284
3.84913947395
3.87447272061
2.38170888483
2.83535194228
2.76489424423
1.694007434
4.63185581546
4.18975053121
2.88097384064
0.900080101725
3.62710178985
2.78937233245
1.91592794136
4.90018939675
2.65269865256
3.92220710215
2.61335987843
3.31965821576
1.23610969026
4.09973004686
3.32112843627
2.97193846253
2.80026204419
4.80030950211
2.16185335922
0.394172224968
2.85297500785
2.10223143824
3.47170037247
3.96173788866
2.93692205708
4.90018939675
4.03146383024
4.90018939675
3.4004740378
3.15281137645
4.08552349702
3.17469831134
3.98754733097
1.69971818099
2.38786165611
2.63295216372
3.30471368445
2.38130276305
2.05296486564
3.84322426568
1.19011415335
2.67563475637
3.31539595277
3.53232917263
3.02489376697
1.89013826901
3.95934576039
2.88405674805
4.34547785697
4.8993637506
0.781083356233
4.24970048233
2.9062282708
3.78827572676
3.17908921337
0.908344614579
1.75152742699
2.93095124751
2.46253537915
3.37520819402
3.59065181226
4.49995899466
2.86754514498
1.37753244
2.56474397172
1.34863196787
3.47133632204
3.60169839902
3.40727945071
3.5989542705
3.92968158973
3.12082850364
3.96944991013
0.332567606693
2.90531786137
1.42291443509
3.66799853344
3.68014232598
0.809200641399
1.67939504802
2.96579726843
4.5861868274
1.2590503347
1.9294811454
0.983953965015
1.18188777213
2.94403947732
3.55689860997
4.07484878982
3.9817558371
3.3302088366
1.48999109365
2.96351764089
3.73443667813
1.96997025355
1.55200444849
3.16609755273
2.39819915161
1.82004820905
3.78814119823
3.12331284844
1.49300045753
2.9880337346
3.15880630889
0.991983057995
2.8183085214
4.59323726998
2.60336767636
1.97883780887
0.972114925287
4.67150617831
3.51559092046
2.15033862664
3.90960381264
1.49800244925
1.73123197135
2.48164006885
1.85752830659
3.16768574106
1.51959446346
3.68962637808
2.64733613929
3.85515814485
3.01249862373
2.96806766068
2.05959216058
3.39909393506
1.50026111615
2.62907013528
4.4982512748
3.97908613876
4.02642862618
3.8614148527
2.97643303487
4.08711758832
3.53653790845
4.89880360555
5
3.18384541313
2.32890025786
4.44793131718
3.78432291591
3.59801351894
2.5494069537
3.24506960844
4.47526983646
2.73091241793
2.11127642914
3.66354325612
1.7983579362
3.62558192051
4.0135151148
3.12763524605
2.16170194798
4.05880962813
3.364117448
4.48347507754
2.83199480778
3.36613172209
3.42539457853
0.990526560378
3.36797372212
3.24647952143
3.82855950505
1.51587782411
3.58838488614
3.77209755389
3.70454099865
3.48358698066
3.30860935941
1.83061132576
1.7756464417
1.93651816207
3.30689335438
3.32842308578
2.90359020354
1.37835702906
3.18573667085
2.93360060445
3.08778884528
4.41960810572
4.08942607914
3.80111156873
2.27539517689
3.81549422861
2.2860624208
2.85696841995
2.79597911926
0.0747979447431
4.39308224788
1.46896479581
3.2758993664
3.29331240583
4.62553239039
4.28440242934
3.75363209186
3.15086683916
4.25818024715
1.68587272594
1.40302831013
3.52573460207
4.84297537984
4.6438986616
3.4140167774
3.68693520835
3.30546751247
2.72043897632
1.70248231784
2.13413255489
3.83402689418
3.37484448974
1.22523859624
3.28168479789
1.51264073416
3.4173202659
3.75612081374
1.44304019701
4.0869099032
1.44772646842
3.27266409116
3.58319991903
2.37062251332
3.41617938852
4.23623987287
4.40892244335
3.72314645089
2.17882052279
3.95632391783
2.68756382249
3.6210797157
3.41099631847
1.94478773673
2.73747747085
2.26470888199
3.85490447719
3.26028165828
1.1809297634
1.21166777223
3.21090052664
3.3154388387
3.3187826713
3.23729781603
3.87772593985
3.29169339914
3.59946091402
3.9327529383
4.51057501406
3.57428277019
4.09250015039
3.44716259257
4.24359456701
4.16234652568
3.69977384589
1.09928322254
3.63758519405
3.01369468467
3.30039877799
4.00185396317
4.38853700898
2.97913749052
1.76755994933
3.40671189464
3.43837740856
2.84910629731
3.34848481221
1.18725801502
1.7120972394
2.08842541754
3.94563068819
3.4911731669
1.55774925503
3.47500348889
1.19951949981
0.90327381892
4.24706514986
4.01035635108
2.53661679673
3.59479205913
3.00222159747
0.369583152947
4.37486092998
2.85700793733
2.7166927164
2.93479004102
2.0644573404
3.1015107281
3.01000697046
4.23623987287
3.39264264183
3.54734593606
4.76451365136
3.82759885412
1.98592282326
1.8671301367
4.31369100605
3.17273649409
0.252146521865
3.70043807374
-0.984211800121
2.2292037299
3.44045149525
3.35549701811
4.08556075201
1.1817195095
4.50594338527
3.85089162689
2.69772920667
3.83358794612
2.68311901034
3.33527720044
3.56515484393
3.33185436254
0.842667045219
3.08528553369
3.67204264334
4.25968789292
2.77472946972
3.05689712418
2.96648080243
2.82215449711
3.95706872916
3.11277837746
2.90031977071
4.32314876219
3.14842369335
2.83749239375
3.43520496952
3.3284637149
3.49693447294
4.12927230282
2.16699771988
1.58223359683
1.9582607711
3.57776039552
2.45695756441
2.71164665653
1.71412663641
3.11976743267
3.0816548484
4.8866408986
3.63328883807
3.15703955857
1.75715644322
3.61147524679
3.90855201026
3.59284135794
1.4998566111
2.73363264794
1.74043020116
1.27185959845
2.91986611934
2.64150233899
2.22272694697
4.21300605944
0.62743694045
4.26701093885
4.61996685426
3.08029303396
4.11161663378
3.1722541619
4.39970661581
2.93270792147
3.7744714758
2.53686079749
2.90167244787
3.58904853108
4.21245506721
2.50011041949
3.79612532455
3.41952129882
3.87765348055
3.30923496328
2.01754393845
3.50231319934
3.28199099673
2.57404094764
3.43284210669
4.6321883836
3.15615515671
3.6414291285
3.35065740682
2.85083727558
0.56316185648
1.9582607711
4.69717438065
4.03769693243
2.26604208613
4.08088589226
1.67893724752
3.43541258837
3.73752575601
4.55003684269
1.75152422
3.87838060664
2.51150404874
3.42009604652
2.52483107771
3.30773312305
3.52530430796
3.02384315162
0.417854534586
2.50023806295
2.96210409957
3.89985053301
3.5222549771
2.48878787378
1.83228435262
4.36374827522
3.43097232295
2.95403968422
3.6552590996
4.42787055068
3.42339661472
2.56089771843
2.83372595839
3.61098105852
3.7562953287
0.100060468151
3.08085262195
4.15862375499
0.678678692427
1.44895682562
1.11299138576
1.29298335411
4.94180398312
4.55995967548
3.8996292751
4.27916944015
1.59941478449
4.1472524041
1.4408057269
2.88727324024
3.10370536409
3.27133983972
4.136232572
1.48306791989
3.00759847082
3.62123540586
2.33866370368
4.39905392655
1.35240216295
1.64598344291
1.21303908527
3.44714502633
1.69285061657
0.70083371722
1.17603758724
2.13983965705
3.95186885391
3.7303947551
3.14921186235
2.1401261698
4.50108137628
3.59127838357
3.64951444788
0.522461654465
3.82643423298
3.8545515328
2.0996485822
1.37236954189
2.5134878978
3.88139067994
2.75573829628
3.4029817351
4.66864680153
3.37348217523
3.43907792075
1.00013833983
2.65200413408
3.09070683003
3.68340054098
3.36849858558
2.49030334981
3.3887953135
4.3303105099
-0.803116477641
4.49997872778
0.970393215774
3.65729583044
3.35768315696
3.58433491446
3.2153943892
4.1001147563
3.1397596719
1.34068253089
3.89991235957
3.78379620921
2.02768301794
3.85117463203
4.6118921633
4.09437527741
2.91236634118
2.62650653343
4.65107488834
0.758914011581
-0.390805315395
2.26502701692
3.73717537277
1.15520215608
1.96861656123
2.99381281031
2.63994246411
4.67996099637
3.21308189209
3.84617035856
4.4566392685
3.81054152126
1.47243312653
3.59619435506
3.30809729519
4.20759190704
4.16077435992
2.19201167737
2.06481798033
3.33982098164
3.1004839219
4.11179633842
3.57658317323
4.41039994041
1.67597158442
1.66541127129
2.49551897676
3.35304196024
3.86337979773
2.49369400793
3.62953997713
2.73677588835
4.66938750681
2.97645369235
3.09998232946
3.16301186486
2.70622861184
2.24629730261
2.10023008965
0.980692921636
3.70802432587
5
2.54700240593
4.23623987287
3.74325111942
3.39154153665
3.14534233267
0.234149838654
3.79459504664
1.99498997284
3.05107251933
4.12866197937
3.32562751702
1.82490436233
1.53672156347
3.80180198613
4.13506618385
3.79362372526
2.2707313978
2.76993295941
3.45488935745
4.11914330419
3.50335239389
3.65341690893
4.89973663481
3.93111690155
3.60341650336
4.09564821751
2.02247783327
1.26353756504
1.50364484719
4.36875666111
3.73621427104
1.03896312168
2.21369319264
3.96885307851
4.22142766167
3.73479225269
3.68942703749
2.35122986855
3.79858774891
3.07986676283
2.58643717536
2.56712572759
1.50294265657
1.79027369657
3.17800466734
4.04917337457
2.59981395345
0.697599330606
4.4523369472
4.29230329636
2.46571973257
3.53650278393
4.40411429668
3.56792354123
3.32089808985
3.60366941718
3.18844232841
1.23764242044
2.79972257066
3.4452844773
4.09851566385
4.38938377664
3.30901030826
1.82089943349
3.92173365176
1.76815783462
2.51479244649
3.88701810974
4.83808164081
4.17820232087
3.24214698514
3.69972768869
4.32489969908
3.84099047752
3.05654869211
2.56207939347
3.76455939016
1.90852811529
3.97147974328
3.22518612336
2.58973959443
1.76276471297
3.80465307183
4.22497369209
2.22215133972
2.90643868345
3.8047236897
-0.158086249221
2.1409582068
3.48055116253
3.69124041985
3.993085089
3.33966037438
2.97695869982
2.17217714298
4.78130716977
3.62463334955
1.39910968261
1.67736668853
3.67551174185
3.61538684866
2.54688040772
3.24282348536
4.485729074
0.818086827852
2.09698740845
1.71570823393
3.89963565355
2.39985076679
2.22080224207
3.40789281975
2.70152627563
3.48734498119
3.40332351779
3.72241759972
3.37758488188
3.35021707077
1.00258685403
0.898173745236
3.51555956831
1.13011959574
3.05267495531
3.44655906376
1.26975871566
3.6931189721
2.77116335631
2.75214215716
2.50108109206
3.15014079701
0.85264579305
3.98713243965
3.34340536908
3.60047101367
0.353909110197
2.79940921143
2.13025918582
3.90773714674
4.92085725988
4.67052934087
3.68306606854
3.67460770309
2.57496430256
3.61734342635
4.86738667494
2.36699049056
3.6220844001
3.029048498
3.52328783226
4.15760229263
4.31814542419
2.4003265492
3.17165078858
3.60355206019
1.21726753397
3.7778327179
4.26958877604
1.66236055767
3.50936545427
4.21601985755
4.1422727977
4.09314043214
3.37617627783
4.1729774204
3.15482358589
3.29959385295
3.82992952948
3.54965844631
1.81071193802
1.8146287867
1.14039703552
3.24799667207
3.52410911085
3.74228199781
1.61389603425
1.22555555648
3.69985559798
3.51734805332
0.966696567077
3.29985439082
1.04737188161
3.03197672659
0.191157831643
3.71710295838
4.05311217396
4.17564784071
2.59495640557
2.47642460199
3.19438241597
2.50772539836
3.48353287703
4.0976763264
0.944443509169
1.34258498679
3.97960728827
1.39423524667
2.67228674088
0.0183051586796
3.57719376116
2.54048321092
3.22358130175
2.33281907191
2.10806802373
3.18029970901
3.2345157012
0.937776573245
3.61002988266
1.82545539954
2.23538284101
4.10010728886
2.54662520249
3.68058843558
3.38515526767
1.79427696777
3.57099813627
4.01246810012
2.37878988086
3.63902064202
1.53369522587
1.07068976972
2.97367242866
3.6189393112
3.13761370333
2.06953416862
3.65731364324
3.0194863849
1.53658418642
1.6599463223
4.02288596864
3.34566662222
1.94834102247
3.90172992977
0.924556119027
3.14815322651
4.13136435425
4.41033959704
4.16055764293
2.60032985474
3.43286800799
1.83550622452
3.48799054598
3.56369438317
3.40430126824
4.25455379874
2.94120006378
3.12285551457
2.13884572565
3.26497319864
1.25080662197
1.31755674425
3.47776299301
3.46816842718
2.73557031051
3.0209559839
3.70470168294
3.68414466865
1.88780975077
4.41830189448
4.45373188521
3.84985169192
3.43514305771
4.54961637014
4.49491889
4.18057523897
3.25851591402
2.39335417242
3.71101884912
2.99190788932
3.872848335
3.78838696426
3.01862557188
3.03706672041
3.71181893965
4.34404553508
4.20075218474
2.90005308358
1.18804893292
3.70829847852
0.680160872117
3.46592778412
3.17390548255
2.89678004033
1.78975852835
1.55625911346
4.67213934638
4.23593465482
0.891640153105
4.09025844666
3.53223650989
1.91147112492
0.520347521124
4.37428325708
3.61734493125
2.69853924116
4.3141094436
1.44647131566
4.30010284567
3.40102403923
3.31014159006
1.4648173393
1.75381406481
3.54474397929
4.11677321055
2.44776538826
3.48783811939
3.4201952599
1.09397953874
2.25908677931
2.97547735221
0.759420222806
3.51655880486
1.07782044004
1.87231298658
2.02910639044
3.84412229899
3.48240828793
4.12734356546
2.96191020712
3.26964172453
2.98202192642
3.76121720333
2.54572301807
3.75025929532
4.25111148363
2.23034063953
3.20612191929
3.94748316389
1.04858588272
4.4631366428
3.93249811059
3.77023925797
2.71626039537
4.22561282904
0.359834384341
0.539311166238
3.88516050509
2.48088872156
2.49812601267
2.96362623779
4.00476198702
0.626064959206
4.36430971895
4.48626725919
1.24273392618
2.8849371124
2.79639069194
2.49973535136
3.09293289842
4.32706683155
3.52453880537
2.56823592061
2.70891380175
3.16330153209
2.64166954482
3.01481797172
4.00708895726
3.07187646568
3.63679710074
3.49279598504
4.74926508636
4.18465991686
3.31904007249
3.31560161489
3.33991038901
0.851489273482
3.56868298923
2.66459217887
3.68917079004
0.696325963754
4.68573816777
1.42885240068
3.46768539509
2.45619438788
1.33542901696
3.05916027118
1.04129457201
4.16085378186
2.5621812731
2.64063668785
3.26884358317
3.07621688996
2.7147949782
3.5628155271
0.873377503153
4.3095165888
2.80820564862
1.97806130735
3.43124685786
2.94723787334
3.01839017079
4.06957729188
2.36416179057
2.18718826346
3.65840105829
3.72712253779
4.01150300935
3.76395332872
3.894263271
2.12617410551
3.28482195384
4.22829981738
1.98833925057
3.06252112739
1.27838905531
3.41054596668
2.85240181198
3.38140010811
3.62890721084
3.27119271234
1.35385424788
3.67274474203
0.577369581158
3.73225144612
3.50155361859
1.47691552623
3.55444644725
3.74700099921
3.18806121693
3.33624167438
1.07933501929
3.75641243186
3.49775422264
3.85416019342
3.58707282478
1.88155565787
2.82542299368
4.8993637506
3.51643136641
4.59828192257
3.39318438551
3.10642067797
4.22000714889
3.61925195566
3.73540796136
0.636886568338
2.43723256623
1.51374419577
3.21401372369
3.61649494986
4.46337662467
1.31148648811
3.42159563492
3.56063382361
1.57408587205
3.53461048293
1.42120351551
1.38660405437
3.33970550149
4.53658807475
3.72978446975
1.86952226541
2.42936966581
2.40995962967
1.03383118404
3.79148836346
1.21606633048
0.712599291071
4.24552323728
3.45286128695
2.45215693971
3.61592860823
3.00210235823
3.9585168697
1.59387176798
2.75498669892
0.0674456543262
2.82257686368
4.06129903942
2.85665499536
3.84489392179
3.47153488801
3.41069970617
2.31287827821
3.77919829477
4.07803282455
2.8214930225
3.2559584448
1.11318205484
1.0711299693
3.09958812025
2.35741113457
4.82770492512
2.40039356088
4.89880360555
1.78661012433
3.83402689418
3.0855037937
3.14374579723
4.46225098427
2.34266667225
3.94112745324
2.85884072861
2.68524082933
0.862529245943
4.0690308322
3.92242137099
4.08392479683
4.48631304143
2.02368146534
2.68004422409
2.21564247145
3.24603686013
2.55378098109
3.66021526745
2.3653101479
1.57582629951
3.27375314339
2.5448126548
0.36597671296
3.60318375693
3.86470520447
3.08955192099
3.50014688173
4.34586047108
1.50468706722
4.80960065146
1.47393731073
3.41585572471
3.43324689426
3.27187572131
3.05289262454
3.35627939578
1.22940120416
4.23247194479
3.12497451102
3.10012727248
3.31129643874
2.30313379058
1.19905932981
3.81757176316
3.7183876798
4.12889601269
3.09684035256
2.6085622024
3.4479671527
3.06073621829
3.59472461813
3.07618235506
3.07861736004
2.78635251792
4.89880360555
4.52907183945
3.20417205269
1.4477997654
3.10715015568
3.35603319219
0.463869133296
2.6496281209
3.85118424711
4.02583230219
1.92105873582
2.40138922547
3.7433516459
4.12918418278
2.28041232409
4.37595626734
2.83185658065
2.44535887328
3.59261775027
1.45755950584
3.6681341214
4.06898924649
0.322222404972
4.66407131251
2.32682956189
2.65875134134
3.06415894111
3.38689144751
4.54132291091
2.94875300508
2.70788086263
3.0722535114
4.63035383742
3.97109335377
3.98888884688
3.90038034885
3.5533185013
2.21145442923
3.39084988443
2.98737973431
0.896193987556
4.21377953846
0.434752861183
3.10027668332
