2.8822186428978758
3.249479123064125
3.6655487496590227
4.724549382582842
2.6025424962630788
3.758996750237773
2.979558917990275
4.0073468115931625
4.960705381906027
3.2451919128466726
3.550657661961059
2.6407958412180506
2.780642906965554
4.509637692289708
2.964616710555782
3.7279380004372937
3.399676577893513
2.757421081032157
4.847015660368074
4.634960071930243
5
2.6630049368791253
3.7614266470132063
3.3682096847077023
3.607128408783401
4.349194549099299
4.540787322989646
4.4783267217169485
3.7588308951827845
4.52371995379897
3.6068949527998226
5
3.2863574390527854
2.985864451841398
4.457042828604687
3.1012088927569668
2.5200324514475017
2.5825150866275317
4.284115484656837
3.96678234508671
4.876722038193934
4.388247714412818
3.664900513089316
3.9160286867171967
2.487938949133702
3.612895856943439
4.570940701387425
3.5185368275778908
4.791117985673987
5
3.896894001586557
4.18681385484276
3.9628363614725086
4.442417990242342
4.628333818118063
3.348902335896195
3.8498442699565634
3.168122732268692
3.0706632248764882
3.6769105061548055
3.377137554149567
4.0137117265927325
3.8312469576718877
4.493193933696875
3.447196545229773
2.789176014860045
3.546095480115291
4.892281194823481
3.053619681467218
3.432684055507132
3.088462515122025
3.6662657190483734
3.697226862993167
3.710518915731705
4.114833564655219
3.5235137036044435
4.41981348186938
2.9239444967391344
3.3415887959476045
2.5241481030323483
4.163492351070117
2.6617331686308483
5
4.903867594216326
3.2854323630377094
3.703198613368632
4.230050805486434
4.538018536467344
2.889998992486918
3.8145864756592
4.3659593158062275
4.84501548096197
3.9253555330716847
3.289897227394675
2.7271310843255927
2.896357417733702
3.3966307640630227
4.7633082794669575
4.4624635560824135
3.569413083753993
4.840719446444989
4.4875510011943724
3.2365517037780336
3.0021850299272668
3.8913336690429503
2.784376939188065
3.4730032263133603
3.6886662917981137
3.537488111635473
4.491998857842038
3.4998063322013637
4.100224284524988
3.582706933560511
2.2445629134889273
3.2951149833095115
2.83862790950203
2.5965435398683523
3.069522039638551
4.451061870484517
3.9163977476218936
4.942324637363359
3.108591466381913
2.8037366363662173
3.7348295027042075
3.2308108416260617
3.8738890615178345
3.9841665895890452
4.110967252805053
3.6467352512753006
2.4374805597651497
3.864215312752684
3.463484683536561
5
3.2092361200630997
2.61617770158344
2.279452798209186
3.600265121139152
4.153380184952682
3.0490226118024957
3.1512131779996277
3.6612521828396174
4.232202009424739
2.606326435098462
4.285383147331566
4.3873274795518515
2.4418529967830236
3.8884660191331
2.5199909010625814
3.1079257409983114
4.966384686164506
2.409413280759255
3.0979361027637435
3.0096832478097357
2.35424112467633
2.7646361573976526
2.7336718529646418
3.030388928201019
3.0278332605837694
3.9142074909569393
5
3.0591851750288876
3.68992637801671
3.582990305213701
3.7637038072897124
2.265072906677368
2.083017099819645
4.0511531948945345
2.633656164561514
3.5716003550730777
3.507874451263996
3.3700105038334613
3.124958087803927
4.384400558075315
4.843797985414835
3.438862193413641
2.9987924713954746
4.383119617020809
2.63327601603357
4.534018913270714
3.3730403484248823
4.3681278150331515
3.0794194285606444
4.029375846736279
2.771773019085485
3.558943298139696
3.3663508485028313
3.2878233510441466
3.825896097027991
4.384765912417864
2.645877287610356
3.6202761654740385
5
3.764863972315606
2.9547208613926683
4.0181374782909725
3.6894268543471513
3.487871038341204
2.8209257005758923
2.454285418445571
3.3777629362045896
3.608234453287442
4.793860559369765
2.98491250196676
2.91202018662862
4.21500423750902
4.77576574076888
2.2771957937850473
4.356154339346004
4.413548371844557
3.304805404316865
3.4603912665652956
3.235473573558613
2.908743168771336
4.009362783273021
4.815367791146431
4.737398384250952
3.2085808142633496
3.031061523374986
3.5777516603584143
3.9954999456492013
3.2670733867647037
3.2244030340274814
3.605947848674038
3.6705101331545165
3.557542975399577
3.978493378232023
4.087594420086089
3.936124155392359
4.881521801566052
4.843516754263623
3.065928804656538
2.9095079160135655
4.155606154324232
2.489638340845975
2.9331853677590463
4.269037772487147
4.561509007661683
3.3739380200082554
4.36918940512836
4.030366215105993
3.17268513287468
4.8571858184637975
4.569255041622719
4.855342666169841
4.59182655287306
2.874646370392211
2.806398680930234
4.335807948719045
2.5007609005613016
3.280064663530667
2.268807906695466
2.796937523611469
2.3411616730912583
3.6706862166244276
3.0795946589967493
3.609782661957857
2.3459043195759155
2.7054100214552395
3.3531273459842166
5
4.265634506261993
4.5705569086999684
3.602808302423511
3.821645576957575
3.3001982296945793
3.4525266328258417
4.8413967241494635
5
2.7359254268970497
3.309311920498744
4.256463251182455
2.6867881786106373
2.9563420567396546
3.366197472397442
3.832110481872738
4.738671131679289
4.41989453320355
3.747353398144056
3.720643178177742
2.120133660098929
3.2759574829094267
4.017752012808298
4.5464015261902695
4.469064952083824
2.5728764712592262
3.1795381775921276
4.194752578602539
4.015624955787871
2.6144016059857806
2.6927786101190128
4.167555113173241
4.559835452935971
3.183155604180787
4.313151186810275
2.595859510165732
1.921949816104172
5
3.4772782034901053
3.7985427999193275
4.94480469926512
3.013394209918894
2.5939741595849695
3.698045399932345
3.9953308913598407
2.405133282034714
4.02754406059049
4.351238030623568
3.554122247816868
3.197945918311382
3.0180645667159425
2.688027062508067
2.286740237142321
3.6884647794342484
3.3749413735150657
3.372258738113578
3.7002190431020137
4.3760141051344466
3.4260159901115514
4.262500087256126
3.928077252157402
3.7628984726878163
3.961294187418515
4.166196764831243
3.2189974117471394
4.677468287603178
4.138363494337947
3.363334442409517
3.8945058929946157
2.7278592407407505
3.0374776030938513
3.5991054036537795
4.637555566704453
2.8814624017735966
1.745970752527148
3.53133453101521
3.9839027723118785
3.6070261111687776
4.439069958717397
4.225545558740007
4.161217746527873
3.0217541211565777
2.3467493953189473
3.729636555729458
3.9981541701165586
2.5951814415070635
1.686335130316574
4.996212607006333
4.869418739582648
3.8008510008992333
4.179401009573015
4.4862001485480345
4.316356476974233
4.122357035794554
3.4766237184522897
3.770414630835342
3.036227108922974
5
2.3423853075362433
2.6178624203371177
3.1238033186361123
4.865503784020582
4.005456754479493
4.471290861212092
3.735733000383033
4.066468879318748
4.367855459850764
3.4133215160671835
4.143309547010175
5
3.507104565188942
3.7604779146487215
3.0890380503213786
3.570949166793483
3.907034095502932
3.2707400751681863
4.190121011093176
3.4585922646112452
3.8940925684691132
3.1473215641757406
3.858035936344679
4.041128491192026
3.8809333538250605
4.501260140109292
3.1391198457398914
3.334993709051905
3.7965229390687156
3.8127327441181738
2.995070643139364
3.4487496513635074
4.407804141447983
2.705560068347494
4.549214114298043
3.4416483150992185
2.609770989428749
2.3388058532465115
3.2689774039525283
4.6222562015912265
5
3.5718127630761085
3.3814832761422005
1.835740647072381
4.401243233128912
4.082893348627682
4.725617622829944
3.240498517000935
3.0638595725026825
2.303612870233411
3.8115091029069297
4.540505383348766
2.784605761272668
3.549507527225912
1.901590007070709
2.082036729249485
3.0156304794774202
4.499149102993599
2.6433024891095536
3.677756252464987
2.527448567661077
2.2758100463001565
4.890734021849951
4.0095466114275
2.2137026782172486
5
3.4468975686532186
3.526326598742795
4.630168359113261
2.7253904325591147
3.775415074987274
3.0940004099427303
3.3264181324536537
2.3740968561611506
2.2864919138971858
2.6350470507601473
4.702265349317882
3.847678882408357
2.906788896014136
2.8269054776319957
2.8585169952136567
4.631096294145875
4.287275809207468
3.695891003155409
3.2563636454816716
3.500187883533271
5
2.788698767536634
3.3171120953198363
3.152569987753483
3.791364051231923
3.8597613199264487
3.9281023548801084
2.74926677402316
3.0812206688198573
4.062147534842869
3.9563382753692204
2.7893325689530317
3.221467049024137
2.8715767110675467
3.273457266781743
3.8604209483306904
4.160186749544631
3.5189584078399543
3.306469559562947
3.299651516129744
2.7018981397960435
3.2537973839134513
3.764664492923412
3.3113558569173285
4.426443275149241
3.775300125360002
3.6333940189542218
4.234454723952651
4.014703471960018
4.494341611146684
3.3253707511102775
4.710734063067079
3.298997790358792
4.497513953093627
3.39906659469704
2.9848919678195456
3.2536677547340376
5
4.567732386214159
4.355004945867948
3.5498332348169837
2.539967120222544
3.4199579363955626
3.3119387692817153
3.3881276498980384
2.7026481441095025
3.168255800861288
2.9596935597834118
3.2699250767840007
3.3107116824105325
3.0065579925208143
3.3028309257120876
3.7166578838789217
3.9694999507852113
2.816447836803682
4.135409992235564
2.6174928021081207
2.8917120692741056
2.0453544241246746
3.162821902217909
2.7857198434699644
3.0136633221813254
2.380654060819465
1.74572351067819
1.9796360929039318
2.1853595051499317
2.9283509770710148
1.9860134269621939
0.7771799303007985
2.5617871099457075
0.9849591184393252
3.5719728218481026
2.319288978711568
1.1693385817137099
1.2436658486137209
1.6305975321305544
1.4274080462771332
2.2072878612612095
2.5805590399684837
1.3924418321962593
2.1051844301199027
1.8624530900281804
1.447021352976694
2.3133083157563834
2.095977414399815
3.8628177733006717
0.8068028919051584
2.3742455628530466
3.598279414510882
1.0010489240844527
0.930131067104659
1.124752450132485
1.1615314809645314
2.468548065843859
1.6746500071339747
1.2107934484675709
1.0811922013022202
1.073307418295887
3.7357227406306426
1.9270789115570524
2.9413760899996655
3.6385184286702885
1.1512452604511803
1.8744734538344514
3.5596269245884584
3.540212484752123
3.4678214947753503
3.055011145494689
3.146031308664525
1.925390437237551
1.0390024005511231
1.9759607465398055
3.253353242046799
1.7355483641415383
3.7844175124680115
2.068222137221641
1.9451006874007208
2.31778653350415
2.1666119271516067
2.627641365052186
3.5512082734185286
1.4356860437693062
3.71000671616117
3.0026406524008964
1.1229472851399322
1.301173657319004
1.6537774643728869
2.3918075604032976
1.0803239801264433
2.3546657231624644
1.1429402523929877
3.2531547689021343
2.190919514918959
1.921958231538293
1.666473019346184
1.1291727234187996
3.6934007477252058
3.6947172222066627
2.5447531857427856
1.2029098644821348
1.3481033104541977
3.577690715569075
3.585878607900075
1.129347583547824
1.0022236580063688
1.0577289279135846
1.0342648299314245
1.210514911385089
1.0425107157124611
1.0958614632913133
1.0357349819711241
4.066425446260239
2.6618701322275413
2.5687430968949196
1.998837153294443
1.8250968302546007
2.113714506455028
2.698039472617175
2.3514630184038134
2.0103730636657513
2.8849321484143995
3.6123677694904117
1.6673256488813053
2.094536787306345
1.208342613519976
2.6756295017636056
2.8196071030287517
1.7125007634601277
3.2533190585958587
1.7626020928765913
2.68260894826733
1.0222191685717281
0.8718351714968069
0.9971035965511488
3.631806556225259
1.5567925312957287
1.588241978081967
3.039029856947012
1.7352683484762566
2.7368549598262457
1.879425186575482
0.7179340070920786
1.7299507942126695
2.0065412702739676
1.0363691086559934
1.2437873016769276
2.3655476115626115
3.7013069084166
1.8061812149917846
3.5947932149745836
1.3050620196793996
1.647520395198615
3.6320408191887994
1.087491144280286
0.9627767686450559
1.1467975053593642
1.8879151167302808
2.4847553345705826
1.7621681123301414
1.7809219043883833
2.318753026969615
1.9786569298428494
2.880208385354682
0.9883771524705975
1.4417844636159045
1.439725538533537
2.4264530778676687
1.931144916872067
1.7897906327154536
2.685979989337137
1.2178571463323933
1.112542438495776
0.7179340070920786
1.1137631382693918
2.464464543431219
2.7590454195360343
1.979810812291043
1.4113151316799915
0.7512598388969836
2.1177905678496645
1.3477353468698492
0.9985009219063581
1.4422963444226227
2.071180134560113
3.433660754306871
1.0742482554017356
2.35821977802277
1.8729658314938948
2.4421409690451696
2.9456711966519302
1.877563790035588
2.706382109060717
1.910177036248577
1.3014759221266747
1.135833670338364
0.7179340070920786
2.9653748591266083
2.6275938281845783
0.9423732051823077
1.9888060641956091
1.1717351940360563
3.524369384681227
2.9912128456413956
1.2676792644718655
2.611340867616737
1.3001157304921565
2.0931298187258776
1.5390187543331129
0.7664079442628493
1.2505853109726603
0.9245200871524029
1.055778172476648
0.8767284070480736
2.1934056851597026
0.9901908013784912
1.6867859073034595
1.02138528140779
1.1038014308820492
1.028277453175621
1.5912966497989316
1.3309477753855952
2.3486444595022586
1.0316954872068933
2.381710431819728
2.578747918203369
0.9599810871163692
1.1012183230873098
2.991952208155901
2.1714227611891115
0.9903422280514917
0.8068028919051584
0.7890291149425424
3.0286193786564337
3.193098303089517
2.877890679147841
2.9419144145325618
0.9648171249913307
3.1390823758779165
2.614530702636864
3.745554270086402
1.1141341455539258
2.5036721923463947
0.75602067201197
2.0837892800429976
3.9961941252893287
3.071970359340946
1.9770471342469773
2.0058298661563976
2.125029693773807
1.0171862712123843
2.3973919598747013
1.450497524571486
3.522106084671099
2.967368142353917
2.4847553345705826
0.7179340070920786
3.8238018524940314
1.0480183379770918
1.4473703594860703
1.0022236580063688
1.2340116389797244
3.3385347755503076
1.2226199379874239
3.6423285465075628
1.2576568405947726
1.0826590515496466
3.5947932149745836
2.3644619745109083
2.43259307839481
2.2972548152891674
1.142846328165864
3.042908416688503
3.3874518398977536
0.8148818814336201
3.1736505911908828
2.5841367277512926
2.4629269554297517
4.0530509306984275
3.1948208135040326
3.9124886806663817
2.97086160254109
3.8372871804170194
3.8420202458425683
4.0726110470909695
4.095975071171557
4.096062135054897
2.522535569875872
3.685362150076647
3.9561856974751137
3.750648688172937
2.5631661596255007
3.1287896025149466
3.8021071967856344
4.110473902423802
3.473067875726503
2.9344123024340147
3.7813691273895254
2.0872897188992843
3.4117438231657125
3.626485446436667
2.3879641801110374
3.619700616158392
3.247631148655363
3.7381944026081406
2.986340129343096
3.020450216662649
3.9462421359877076
2.46545299209823
3.3984349192183756
2.3690705405362777
2.4045999942942125
3.803460844927957
3.328700594759725
3.8314385834575546
3.016156794435131
3.650843425074476
3.8085593792427095
3.9572018943849905
3.8332716511000626
2.7205615682098463
2.281358502771539
3.5753061927378273
2.549839885697457
2.064462958030602
1.9011195656447537
3.032229254016663
2.9856156529118683
2.3631530982004443
2.426743329847654
3.658701484632723
3.0162653557551273
3.9179522130655595
2.98638137403911
2.9715771440234473
2.9795801862181936
3.5972388541066422
2.8575012377871376
2.63227084234563
3.6438900038305433
3.3142324838174795
4.240384073966355
2.3648485458779414
3.7101903686292723
3.6599360119109745
3.958391521038818
2.6500198307921083
2.9431624578731945
3.7517213803304132
3.6925002425764455
3.812076047267158
3.052335239696214
3.0755278873605034
3.7668100470645993
2.9306401357504672
3.289299771619419
3.0400536886148046
2.9057040525670397
3.0106513610135393
3.6188965195196268
3.8526257705655316
3.8605381550163425
2.034529282701612
3.5542336605615708
2.647736401952046
3.3539450144784584
0.9872610448003534
3.685362150076647
2.6113450924101604
3.8752110428525195
3.3349335122673813
4.004607526832237
2.387169654746228
3.925241047773555
4.0654132200132
3.0016239088225407
3.890114419263657
2.413754345551066
2.966237738508081
3.5281415513647736
3.6632312180143196
3.8242464688799522
3.0984090921275933
3.590439028208924
2.635905460649548
2.3631530982004443
3.7813691273895254
2.6581981619231305
3.052719704103371
3.2883174804471813
3.6188965195196268
2.465584213856839
3.383535781172913
3.360254805189064
3.9552721037118674
3.815179818749462
3.6568022118969514
2.6333068801738344
2.9294411706931456
2.6581981619231305
3.4014330121436704
3.978562378661403
4.003310727783046
2.950786205275731
3.184611139768746
2.962482660157553
3.1756588821335834
3.027484255412638
3.5536075746183897
2.721139727158709
2.732893846824794
2.9976080836763908
3.119081746528286
3.759338713314391
2.414980942063049
3.275709690283415
2.131857126242156
2.09626324267627
3.9155462603394007
2.7628223157275213
2.494997915449897
3.6320408191887994
3.577751660358414
2.387030494525259
2.6299498766206852
3.730606961152107
3.9552721037118674
2.024383672159603
2.3555277225534748
1.2556812880856165
4.2012609956318085
3.0254049713379234
0.8512373343116981
2.0759290457632096
3.6188965195196268
3.985851213369398
2.6346130933883383
2.4992447420046195
1.9445290430491813
1.2661098028699926
4.1345975177145196
3.0747285101376898
1.9839840432642615
3.967097927620999
3.661444878584393
3.8055891968012157
3.1495575313493216
3.751429381862873
3.7813691273895254
2.0037623501675457
2.5751604203608465
2.9831312424386223
3.176859784186888
3.7899887124929417
4.207875370104253
2.4387046462041497
2.9971876516216067
2.523762180718714
3.0041011591314857
3.0309859943686748
2.987674615892635
2.623955246920075
3.9155462603394007
3.0012842977056113
2.552433671683537
3.3973248929394266
3.6123677694904117
2.429833753114938
3.9922005202446225
2.5224762075970806
2.8202775263471938
3.757115259630445
3.750648688172937
2.1599878481649584
3.8587828557077333
3.592049821022913
3.8055891968012157
2.4670627507807272
2.772034403832622
3.6390952607788085
1.7529199578758443
3.327318219605045
3.0198964006756284
2.326897535432023
3.181406694220891
2.0188379182190204
4.220400068532831
3.4365899919811866
4.003738433504269
3.957459932506451
4.037475822163966
3.1118222921294416
3.9454119053961403
3.072236675815714
2.1313032153945572
2.935486820135745
2.25243866477668
1.9697109344325954
3.114158653892465
3.6868293068449898
3.7943207671291903
4.041142664136138
3.9886620105061645
2.0617878206549722
2.6212999814128244
2.4107089416125334
2.5448487117436205
2.9735952999729354
3.7357336305819304
1.1307661340672048
2.0463803368485074
1.9319730039951826
2.806613661956597
2.777063278137485
2.509280378707262
2.9194668577388767
2.9768935547772823
3.3802612444381603
4.016705855715171
2.4509058950274225
2.471237032888919
3.8662621112218725
3.751429381862873
2.4743467670145294
4.275981572813867
4.0046596346458845
2.006970921596573
4.172115760826012
4.144829711204992
3.9885016555889607
4.157306557253303
4.012494134680942
4.643767824459658
2.0239131775212176
3.016570003469832
3.9817863698446248
3.8420202458425683
4.281338732404656
4.336112159035439
2.9628433566637558
3.988597935516772
4.0262208122511645
3.827602711702655
4.295396496442718
3.8587828557077333
4.163472156371928
3.8351470450697485
3.745393915169198
3.827602711702655
2.999872761850036
3.7991226253437076
3.0162653557551273
3.443495477284568
3.048885961583679
2.182571707538905
3.846958354955575
4.167691849661145
4.15153387060422
4.272836107510307
3.6777448170926688
1.3898914097282484
3.086292494598718
3.0389772418307497
3.4942820225789504
4.0219237673216774
4.050286011609803
3.9820864682843506
4.577818995642701
3.358602254914361
3.9025370711427576
3.8245916254437224
3.778659231706343
3.661444878584393
3.6841625544742485
4.230056241085287
3.7827743226338484
3.354110719008542
3.682374294386112
3.8351470450697485
3.357266016242411
3.8259113874324906
3.834423154899482
3.8085593792427095
4.127263103671446
4.199894621238836
4.759579220349012
3.738683480964495
3.277514456681288
4.15301254932895
4.136841593522188
3.4465656416295256
3.883255488670873
2.353867920416136
3.8561491810385786
3.1534987479242624
4.096752913865667
4.457879952629821
3.680488211044339
3.701236654303491
3.098443944048132
5
3.9846038766753695
2.983321867935159
3.892802465735757
3.4199395702961777
3.478581389780361
4.152513018338806
4.0774456117313385
3.532907973664166
3.964012592882009
0.7845856707018881
3.9885016555889607
4.264893573144176
3.9885016555889607
3.6164902260648346
3.488441566428855
3.9722714133086305
3.037790388604677
4.009130642094803
4.012494134680942
4.144829711204992
3.3895208084915405
2.7473677387478777
3.740020255683961
3.089702649590062
3.3873529916734357
4.352746760111238
4.579135908231963
4.191969576165396
3.9510110083135284
3.5329079736641664
3.846958354955575
3.4942820225789504
3.363694679937149
3.8166493779368658
4.113037427947256
4.442991266513706
3.06478585843857
4.153882911245504
3.9885016555889607
3.470094014742381
3.0627150587960967
4.060968071851713
4.323475209847547
3.14195127781558
4.306964275299591
4.163087841014388
4.429642420874555
3.4201589484606107
3.0482606253088225
4.093865945508525
4.125575143885054
3.9886620105061645
4.022689196537948
4.017929708480274
3.6948414675539567
4.431295787699044
4.362749756511579
3.9759664555328675
4.009130642094803
3.8775118295004223
1.271380734913619
3.466330812105336
3.3796710654351334
3.3934882063284624
3.375800535001006
4.050147050470071
4.110393966560048
4.213014923361971
4.10497455611016
5
3.9310340231384586
2.985347383754184
3.787004141051015
4.146363259752161
3.930889130655648
3.677220850438414
4.009130642094803
4.163472156371928
4.436970665501543
4.328613641933848
3.3867151888054643
4.217568649897949
4.616465007197491
3.4846887010120624
4.469966042158848
0.794107336931861
3.4235058814497967
3.0274879990744883
4.053951669560211
4.151500072256831
4.140315328266422
4.474092519233711
3.7449249538495497
3.005724577335558
4.091207964062095
2.099556922477764
4.857134871535132
5
3.9817863698446248
3.9885016555889607
2.660411665147908
1.985710498634186
4.536617705768658
3.4704765666782533
3.775177231690762
4.564864286892105
3.958813023877161
2.752405458841951
4.005595110210906
3.0986781863462283
4.146363259752161
3.8436679623675145
4.016705855715171
4.332538724306524
3.8775677997678004
4.105149346901426
3.834423154899482
4.306622039787529
3.997944348901549
4.003535226349344
4.44235537468063
3.489350647694806
4.136841593522188
3.7290717475117634
3.7099916621221536
3.411532643988432
4.287321398745904
4.043083779144974
3.9886620105061645
4.494954710700385
3.340428243847337
4.534888010546368
3.9604965456087697
3.680488211044339
3.914378581470621
4.032936097995501
3.8228164881808766
3.9287212159895613
3.846958354955575
3.8807743200182285
4.390334572471674
4.124721299488507
4.012494134680942
4.091297669049556
3.997944348901549
3.5682911293460564
3.837842792312503
4.243088544019416
3.6554094118907186
3.6108645191427007
3.9885016555889607
3.644650926889624
4.271182288426019
3.924859944819259
4.287321398745904
3.9820864682843506
4.110256461863339
3.9885016555889607
3.0240146286247342
4.207906598778468
3.0768609042026505
3.0451480787562044
2.1302025613178515
4.276866235826719
4.110215524341612
4.813074281562174
4.053133571816655
4.401974858138439
1.9718887046434135
4.0046596346458845
3.2960044759539446
0.9660901831497495
2.295560759375194
2.0657985825176604
1.0255495130471124
0.9648171249913307
1.6758360884949384
4.134601201468077
3.5253218428997295
3.5759705013850214
2.5218940977597253
4.316415951861464
2.1206769458163315
3.196672146401665
2.4589670829871006
2.911947495367804
1.9866930299147332
2.961239312290132
2.8246251324064535
2.855928425492057
3.8338024396681503
4.033404186144022
1.9317222264051277
3.1782455107165863
3.8134830148420873
3.3851083063591485
3.4578948636447775
3.7153074720531927
2.6731851009331575
2.658723044964284
1.6025851159971067
3.8666479556824114
1.9387566279601418
3.774163410374195
0.7664079442628493
2.8799487469219174
2.7151843565756426
4.419022946545015
2.7582992766755523
2.2765743861718195
2.1300246473541877
1.3593787704255942
1.9587191772431218
2.0945445787220383
2.5255854632382992
3.680626272479949
2.228226587968538
2.1243625307734875
2.5115678111897477
1.9788433012544533
3.571226678987621
1.198113143262588
2.360060795856517
1.7775720749739534
2.0155242768244515
1.921418894209697
1.9479358990236113
1.1668124032725369
1.4660646673928426
2.466188025983408
1.0545928042274222
1.4888486531542924
2.9487712686173864
0.9007351639076495
0.7179340070920786
1.7127210866863418
2.8965084798396266
1.8598501909065017
1.3912516013627663
1.4865491973772684
1.4433040224587217
2.4360498503012242
3.1661784459924585
2.925913474153921
3.1970596846622588
3.391824356080181
4.5402203396028105
1.7563624930098358
4.981091238731667
4.830846707085291
3.1333420773190785
4.159827542600437
3.291942158257722
2.6599641171324535
2.924604908139863
2.1906659672627695
4.783238375935427
2.4887546257758584
2.9089383914521942
4.607888838680171
2.66800378394707
2.5304455171458606
2.707492623356694
1.723716385464641
3.3205755672846466
1.5963430090504158
3.212025348944397
2.2779844955999726
3.9562913262799606
3.932962463009759
2.78918695563225
4.035598061160734
3.0592987613348805
4.6337025133926275
1.6975730234226691
4.446353761793411
3.5468138656721746
4.089248940955416
1.8396141128085228
2.230180072133808
5
2.831229300208289
2.836658430513953
4.11301758407451
1.7315562578586707
1.667826655497788
4.616063260555364
2.2090590030536426
3.971782181003009
2.510890425825005
2.5491734329641327
2.954650041974115
1.33057534250864
2.2803528466167053
4.832385074683336
4.129827452628767
2.727719588174972
3.6639748784185606
2.3357460274316013
2.9269532083483054
3.769657871556511
2.3284470252210814
2.4269108691137924
3.9904276991185625
3.2292257782630576
3.0405122281826196
1.366609351217042
4.290344220864466
4.291084457473333
2.086127240392332
3.8173297002775364
2.7702294347700387
2.217439626311542
3.3271094608809197
3.692898796151266
3.2952966537223443
5
3.9514740168302716
3.1194425234280665
1.9186754575345795
1.4386805582548976
4.035083385169207
3.028521433075733
4.015887531947064
2.704041839464582
2.799321023013888
4.5301735386007165
3.9117014345010777
4.802809647744138
2.223955367761032
3.563171260863958
4.271199209099183
2.2064252668149713
4.672902112154966
4.183878507096363
2.887844598896946
4.1572487504136415
2.893197432429804
2.130328427770591
4.656988385203449
3.7488688628926132
4.088377506675222
3.686122229164269
3.7645843993763024
3.9334156658501493
2.235902393441516
4.022125123232993
3.825863801766114
2.678895438361126
4.647328723810722
3.0821217442393376
3.9569487660857883
4.860987105856717
3.2293060381660545
3.5094134838691424
1.8274601485710895
2.604173653660312
3.9308331603882705
2.427572545832332
1.4028986617516082
3.087321076389888
3.962155323539638
3.69156117853324
2.9490216110132685
5
2.616060222174563
2.8672735665551357
3.2639772837777064
2.8675099599045315
3.6570572786463
3.707155207311156
1.3024583516461021
2.679288538014283
2.318259260686882
3.2624818008903
1.6373850337645262
1.9126473713158563
3.258846345458118
2.9646938354626684
1.7051099291138962
3.949189242185448
2.5777843666453
1.2695637956445425
3.4149308525823514
4.8419776039436355
2.2046736722486138
2.2492188798020925
1.300169696690859
4.039285215286064
2.954954865008294
4.468996513483472
3.617503774522341
3.8580988343148164
4.274124106730779
2.626024224361661
2.7669571283813523
3.1628805203305763
1.9619137468579435
1.7274763735815335
3.096072092981672
1.2603744905021375
3.2221606823695432
3.882396290376761
4.30166959419423
2.136052612861632
3.5219537584688823
4.650436364103322
4.180777716925692
2.398308187807256
2.357704086908854
3.1371802939729756
2.2915669928886153
3.6506012671073296
1.9166530371690158
3.067748067854689
2.3207839262110994
2.0546237630433586
4.773738638583087
4.061353586644651
2.632870353766743
4.2920752141830025
2.388073129364463
3.7227100037563643
1.9225259866760147
3.8865260857789297
2.857465990035022
2.8006683608428586
2.5755912202750544
4.1152244679744605
3.1354034498166006
2.3024958800623865
3.335771420913068
3.6301157880479913
3.780418191616615
2.5898400836449156
3.1527943022438745
2.924062269110042
3.187547330398337
5
1.2971731642790585
2.713718313004967
3.2080372776343014
3.71591661523689
1.8268813147862206
2.3086453461919643
5
2.0719604029799013
2.5245196600905184
4.616581550841196
2.9231263033268093
3.6857155604535365
2.6338634851419407
3.0571428789453527
3.0143801301614572
3.6935960245698642
2.2447593248729363
3.5222472214315523
2.207368751315624
4.80059712239367
3.5664648692339735
2.5443344419545006
1.379441617673778
2.235902393441516
1.4534927858886437
1.2773421230884208
3.2962406189871305
2.893847814296914
2.8433955013371177
2.7195486540346923
1.9174459304495963
1.9257016749971445
3.237391321552982
3.388750220398457
3.431501589591735
3.6060022449320495
3.3525904962507758
3.6917804812502255
3.267860603628953
3.9433321788318287
2.4099651224241914
2.686170123677062
3.227902128433793
3.480284638260063
2.8120234517179115
4.183878507096363
3.3636703518173405
2.9698628099729794
2.6257064774733543
3.4235058814497963
4.950440799579846
3.03343912254029
2.7429464284254235
4.5414138768149135
3.4203396726685584
4.139262710700779
3.5790445322385955
2.5984650343279885
2.822081433191455
2.1885906414021417
3.178289236824864
3.7890440715184903
3.0687373212235594
3.4330286391844997
3.376661335315255
3.8534217099787558
3.0808664573657243
3.0646109336068807
3.0960831646419598
3.730606961152107
3.69080952512462
3.022723395392634
3.1689022938932845
2.7072694901422354
2.6138243941463175
3.089587294381058
3.01667860665877
2.6009358419877437
2.8719578749649357
3.7810869627265045
2.7114680080654168
2.0870193287197365
3.8392842098377207
3.0065894487265017
2.9443133627928355
2.9089026167854173
3.9852197170460757
3.2214145153039215
2.261169686509663
3.360557108709965
3.0835527100904367
2.3865574391911184
2.3666789792049094
3.385065057242765
2.9684653757092376
3.0556841089857185
3.803231974715657
3.0970817505044113
2.637666836551181
3.0919771231279434
3.9984082231253235
2.246970324900509
2.9918051553199767
3.065929645241641
3.4806007409118
3.768952392876086
2.020848112949067
3.731701613015427
3.8820939779554555
3.762969241877925
2.935695355797419
3.1114613955684147
2.888067577186272
3.1464811605633516
3.291659740789619
3.0253518865578393
2.5256830385453806
3.0274543485701217
2.7405327869230174
2.6784784681351788
2.5543698046738035
2.695587152967561
2.965142381887833
2.3568138753026515
2.978076570386962
2.8381702686922052
3.787471679269829
3.79017579322968
3.099274891958995
3.859738052537806
2.067109540195176
2.9982743814414405
2.0037413897108056
2.6417332445394854
2.3497556981984467
1.8134559835722908
2.140692608890077
3.281041500034614
2.9945272745159093
3.6855055134976604
3.44611446879819
3.0084948571267134
2.0702505327770337
3.401429470619771
3.034226033025735
3.3873197184208057
3.022723395392634
1.9911478446811657
2.357543373337091
3.2911130444051264
3.8123058488659494
2.979936785087457
3.636358861706353
3.023702257266376
3.469073816885101
4.026824748035507
3.2314943439536297
3.0186426827000843
3.078769283646428
3.317872651713977
2.59506556023069
4.017929708480274
3.9433321788318287
3.2126943193647364
2.7306554350304335
4.053133571816655
2.968081082094885
3.0836153986189974
1.947030907460729
2.5075574338720825
2.4882781239501406
3.031440601805031
2.4229135376986273
2.0142159238000454
2.6984096183554422
3.549363459576484
2.8576732496546806
2.9851332174711183
3.011402402191867
3.0700383801555966
3.397156485326016
4.267285347345871
3.8197987548340393
3.4930748999374237
3.1024190989720255
3.9835695854833766
3.2083027636870742
3.030770021856343
2.964203251807666
2.713542242885114
2.8049646016308074
3.049201388245162
3.1056627895898616
3.37929813764901
3.1477300641864607
3.4482561839337973
2.685802729164837
3.0658329299905676
2.5515358685208334
2.995565339069317
2.7405778387174937
3.0919257733694723
3.3399487198122686
3.125242343192197
2.317369324586303
3.3107995630028224
2.7725444264846963
2.601902320100148
3.6428354764801734
2.2498898606950677
2.151132524072733
3.0927140554298993
3.4229312814556474
3.8200900540188902
3.0268507800806983
2.7665491974367726
2.2929936964308575
2.1755199621019425
3.274279577503118
3.0233899043118964
2.6505276704527048
3.655793895122031
3.6042551756361965
3.8003178816336436
2.4299516978733187
3.1419154682191874
3.655940787681964
2.9321829185210193
2.5788934186626156
2.686170123677062
2.691644242042985
3.486810787505416
2.6104975213978543
2.4879634136643825
2.799174429682498
2.9629623083040806
4.06779141778457
2.4288318356321263
4.031999164311462
2.424454720506998
3.9835695854833766
3.824517792341514
2.9472354860998182
2.7174601705623793
2.5918657750916374
2.0215809990029685
2.8056393161288353
3.2006180971030957
3.6843333773447706
2.7868653498008964
1.7247984066353255
2.660527540667559
3.6293954035925458
3.6428612310986668
2.969281625828719
3.8758730258640943
2.3506948131535177
2.5859736199780845
3.443929185381985
3.820131377952447
2.6851240291919174
3.947704413275526
1.1587265670541878
3.6479708292287825
4.0324646561197435
2.7473985174359847
2.575023857425469
2.9445792139072693
2.4892649846162533
0.8633558186043908
3.596770547837463
3.978562378661403
4.159693592474123
3.1859129842274
2.080882110986213
0.7179340070920786
3.696963290648005
3.4064518239727444
2.7147806023635095
3.1287508115962503
3.997944348901549
2.4694835164687516
3.7160018333541824
2.395626311037808
3.8734527088402952
2.979725625548351
3.6116216266299297
4.168531628522386
3.030983055270708
3.2520766057157937
4.024049209514192
2.5809399365881167
3.754931119424619
3.2044982449918935
2.0080627605903727
2.927951522860949
3.14182487277384
2.8288116924428217
3.265982663888627
2.3984210254280565
2.2364050374624593
2.5397288324412597
3.102450473655641
2.348624636507574
3.8799295692180813
4.146239920587294
3.8228164881808766
2.9473287320247783
4.053133571816655
2.8701134345081423
4.06238282112812
2.7658686145158793
2.959221773917575
3.2370075149135626
3.390405813657262
3.952708578188413
3.0471744483001713
2.3185910349437204
1.2359902453235196
3.3734243900171146
3.6554094118907186
3.6627874336986084
3.759338713314391
1.9848161683617116
4.270595579794893
4.1916010155166
4.0578557660663375
3.2661999308503096
3.3925490470124133
1.9952267814816975
3.004694729579762
3.305571649321966
3.9116921698131453
3.1980314685200923
3.833923762445312
3.7633280470490176
4.084064230271789
3.9144938287643516
2.593403779820763
1.7341826458704352
3.9079934275801067
2.958305563487091
2.983080925072356
3.9494704117307777
3.7577504326055298
4.090804329959794
3.134642473758315
3.570014196839338
3.631894749985948
1.00475525207719
3.694790602655439
2.7978388044454103
2.123579003838808
3.7265876755207845
2.3931994823350626
2.838281273007324
3.901266169051288
2.34591014378037
3.2478536422968736
3.47882003268092
3.596385000315295
2.4420587694685767
3.7821542124578835
3.0083633335559123
3.63448995967996
2.1977662442415924
3.2387101512099434
1.8798413213508967
3.955596755441716
3.67405129577692
2.81327375023622
4.0578557660663375
3.806287845281271
3.593284348301165
2.7942699262029134
3.926774039728143
4.0262208122511645
2.771163903828727
3.796535996760704
3.0847661827981288
3.9635597442639092
3.0539765364848703
3.01634048350688
3.3900768804927752
2.788391822751703
3.6843333773447706
2.1722047446797386
3.078884173633252
3.3138668899549124
3.7021071543073867
3.877836481230271
3.2465291811435355
2.741840366734389
3.198920849993671
2.4628879758055904
3.6688780386109134
3.0223982110604406
3.265982663888627
3.8642374670458386
4.0262208122511645
3.0388734807502504
2.091588329373834
3.252657600613796
3.6998438542972587
3.2490920342738665
3.60946610281076
3.5846440806218234
3.76812794368052
3.1561841606685612
2.325351581956696
3.2902299025088424
2.737029276351475
2.210084961721952
3.6438900038305433
3.8648162745271253
2.3223604091056553
3.001991282397016
1.3001157304921565
2.4018444257981697
3.1227475201538883
2.3984374747944086
3.869175576158845
3.877836481230271
3.0901758872085185
3.027497649560806
3.15162857138094
2.9248012227246405
3.1411336430016843
1.1730846506448618
3.1253220485395308
3.102450473655641
2.2231412302229177
3.8420202458425683
3.374299051920657
3.8710230972709634
3.9511026645012057
1.6690121303408434
2.3246686166647628
2.982091817620031
3.945482920563485
2.40535418552096
3.16083418507378
3.380623358758791
2.5770820388435802
2.9962666590964275
3.966380714313502
3.7099677380618616
2.7461332114696257
3.874380136895225
3.908252355879297
3.105064451503649
3.1123630592760954
3.996336155624019
2.731638611231628
3.4786867074840284
3.9212779110325107
4.093865945508525
3.7623818502479827
3.0234574703327293
3.2599755425065435
3.966380714313502
0.8633558186043908
3.5203897906158885
3.27802636714106
2.4577809370163983
4.10497455611016
3.236770262531404
3.945482920563485
3.901266169051288
2.4719116397084213
3.8758730258640943
3.194454973889532
3.223326761877922
2.0909228260633403
3.9526867982858374
3.6136849701087876
3.098443944048132
3.529683982480944
3.0185838520338666
2.0458521247254424
2.430649297441854
3.2370075149135626
3.2944888840566287
1.2898616283983395
1.7387400245787983
3.7633280470490176
2.7374446916069384
3.947704413275526
2.9157394942406194
3.372317670624576
2.424005783562244
3.8758730258640943
3.8270509064900935
3.81011959687038
3.8734527088402952
3.123810542148576
1.9914671586504964
5
4.144134340047072
3.278390594380048
4.091114975570687
5
3.7825192336765294
2.56834537285624
3.5654754447199317
2.402754100596767
4.5326746549107
4.12997922215721
4.876544476737937
2.6210268367907394
4.608804843797639
1.4196709193660921
2.4914402160903935
2.726432032071057
5
3.1582478535016008
2.432664394655185
5
5
5
4.12547798733973
3.36530259677717
3.3932610990797287
4.166977659799576
2.4144781864730174
4.64197266078779
3.6605109659467017
5
3.6023393504099306
3.009519023836804
4.41642666844771
3.3903503207803998
4.4631468889715284
1.3912516013627663
5
0.8974853655642616
4.765955408650536
3.0401051328179176
4.562155114445353
2.9450878120480253
3.033515946441679
2.3131546875340536
5
2.3171896206582683
3.037966686327238
3.544630977233183
3.102511247340962
4.614592327289493
4.67482265323316
4.248334277288139
1.939009274109532
3.4284354026452446
5
4.091446412038427
2.533596592324453
2.6084327209404288
4.765215548100725
4.205943487952707
3.9346204019681634
2.947610934130194
2.33045810925534
4.570836726873813
3.879044678042759
4.199620183170408
3.3873529916734357
4.530752400492801
1.4146289167229633
4.150641390892322
4.782416860997455
4.805203762604679
3.126013368174858
3.9920096170764596
5
2.571466111460528
4.471755607250371
1.6823221655393243
1.715896147808185
2.059250632397985
4.573768357726999
4.6735236668224305
2.3906836094419788
4.632114250435984
5
1.2712891398320951
5
3.827785227644043
5
3.563371205878281
4.1306863758911625
4.08753748012367
5
4.172100950457638
2.5096744600123024
2.460931756365522
4.875016704829594
5
3.31503095196355
2.5415344849183485
5
3.4658858348070636
3.3547570231323336
3.205426879934039
5
3.5207369259948362
4.553362359697531
1.945238316343365
3.437067917264313
3.554522966993551
3.3379912024481087
3.85619622712473
3.515541334091955
2.1930314486741067
3.844134138430852
4.303395097619429
1.8752272046235001
4.844920108242553
4.118460339917215
3.180534116736136
5
3.590492646059538
2.632537988187655
2.58966163577911
2.9910343022703927
4.487423504423094
1.4378518426985063
3.9846038766753695
2.9105411579924456
2.036932984465991
4.463402449053374
3.1100056472670974
3.571916644930416
1.4800683348010997
3.397098829705005
3.0046575883505513
2.3552155145361517
3.802523912549035
2.9837559600237804
1.6045369249141577
5
3.189028012442738
4.906233098227281
1.7594480373580328
1.782007830062473
3.262979551946902
2.498080939000285
2.6406213878440274
3.6008729745075634
3.6921305936236593
3.279993779630013
5
5
2.6242994265223825
2.3271797602952207
3.434287088293899
3.622911203536302
5
3.042908416688503
4.402501334692977
4.005365024346142
5
2.133931375989358
2.2971657816689763
1.7693429968299104
3.3089031612150364
4.139262710700779
4.89464317708401
5
4.767056435892253
3.488117149345047
2.3603679418917642
2.574063656558144
2.249666788265144
5
4.903987541799619
4.103226559690674
5
2.6030683096784517
1.6685423025854307
1.5245549917356758
3.8643154107174773
3.452099066809142
3.137268313078022
1.860644937323754
2.969786367705556
1.8339622392450412
2.5173863068962175
3.8783782839346697
4.02924615360693
2.1893608743113147
4.885112776246023
5
4.726290977782825
1.9360846972836674
3.698135256237935
2.9916080285535935
4.420189064948857
4.673189112214418
2.364196827144881
5
2.217921909526102
4.6034310750398
2.9837559600237804
4.852838071216857
1.8237420836604117
5
1.593022590119046
5
2.6381982296334825
2.6479539514927275
5
1.9919569142070688
2.9839299912305406
2.2751958133815062
1.8605859248987668
5
2.609779933715126
2.385694062474519
5
2.7108936398132504
2.4956445473718794
5
2.0017711937049567
3.273892838451898
4.937500523370042
3.007364391494547
3.364807647372077
3.1589311225198
1.4645230831919678
1.0717091444070763
2.712277888610819
2.6799339232081576
3.5615970964625507
2.037385303203304
4.4533147267611435
4.781541226561963
1.7983329053381296
3.2667565887271786
3.5133223416497654
1.852846457420682
4.474092519233711
4.0499694308178436
4.365912085037445
4.021048050215345
2.7548630122365
4.394492551886456
4.153882911245504
3.3986737998022654
4.002910504388768
3.454747932613566
2.9555643729716667
3.3238002794905293
3.057589501861894
3.442266069789947
3.9629544449422753
4.177400156434254
3.0211904121000113
3.7087809434301158
4.27568437965547
4.222613295997493
3.626657801847965
1.8080124997620386
3.060617245093937
3.3199523964607853
3.9083446826065025
3.344686293157135
3.7709251379921045
3.712799352662845
3.54139756863443
3.3796545195615892
3.8248517159600977
3.9524573010540456
3.4709782598298515
3.990350152475908
3.389125208389238
3.239673390455625
3.3948319940585225
3.6174139050917256
4.498060556035681
3.7333061652442776
3.3313356652558026
3.932686146505917
2.9954646748543747
3.3611722482146154
3.9931811145277694
3.497315579013586
2.2670069795629577
3.60418042240257
3.5925628942853365
2.9882792078516083
1.8472692321592392
2.7539452269145523
3.3774081455796114
2.7685190962044945
4.202291174758236
3.000741900843326
3.559471602650314
2.0056344758509557
3.7458094636844264
3.3277419811646713
3.5578943086595114
2.763806103739314
2.1899103975706407
3.9264395881035394
3.996336155624019
3.7997482944837877
2.1189832278444016
2.8916615103433903
1.8080141952945126
2.506782666413999
4.144829711204992
2.5660631719297347
1.9522716552495325
3.6361991605691912
4.121025545630061
2.8777801100804807
2.9838668960432333
3.1543967186894815
1.8293282704754144
2.3656934956217697
1.2737480590779127
2.276791126647661
2.5747983380526125
1.6431066616556487
2.3837853053295746
2.9054324852088533
2.558827435681735
1.6344853221302824
2.120861975929659
3.6465481098031347
1.7337564422831178
2.90163931884065
2.053432968086946
1.981600924647878
4.3128035508498215
3.128282617700532
2.4610747514489955
1.8595222864573555
1.8641781173435896
2.6892562239208635
3.3303379042932066
2.164230548375315
2.843911932410617
1.001770260794863
1.78807020978607
2.9299704331046237
2.572922604199789
