2.49201668338
3.2512981434
3.26772140066
3.56619785736
2.55655892805
3.58359164471
2.77948101955
3.69001290091
4.31056704808
2.78121197177
3.21132656512
2.21328239461
2.22349236372
3.92444303922
2.62794600787
3.33320381189
3.27861787099
2.50588639749
4.05280239472
4.30830981923
4.2492884666
2.48722725916
3.15169567846
3.34649991838
3.30982429952
3.74415869977
3.64910389674
4.02598307278
3.35096180605
3.79354640951
3.44484994221
4.19809336338
2.66420335085
2.8977073719
3.26027245855
2.90206399241
2.32944390747
2.3872694045
4.2068461386
3.38178498825
4.14834485839
3.69817058664
3.53152351986
3.88898223713
2.34575486561
3.39966931176
3.65192805235
3.05473725713
4.35285391375
3.54806389278
3.10427033672
4.15493663163
3.61401203049
3.89400213309
4.2414556492
3.11103823983
3.78742802338
3.09803114978
2.75304689813
3.27686456297
3.31344913811
3.48397532529
3.82596447202
3.37407729179
3.20482712046
2.31955113087
3.68078261749
3.85360713274
3.14229726841
3.28240825427
3.13475432859
3.46178169402
3.47052082475
3.47718951483
3.86952661404
2.86230763812
3.66079906886
2.86351333402
3.33398899549
2.46060676646
3.26294448062
2.56230010898
3.72705284337
4.00140393118
3.15545279939
3.58024560681
3.99335905699
3.34754272419
2.3808813585
3.82309933778
3.97775623484
4.0807016051
3.64283761561
3.29925984723
2.42743487255
2.88100738566
3.20817170737
3.86761235359
4.35343528967
3.49743510583
4.0061330927
3.62754714018
2.9464844554
2.92934348512
3.92077780761
2.55822032247
2.84425975136
3.08063615113
3.34534561435
4.23296890488
3.18398721825
3.06454865622
3.54008872935
2.17168482942
3.06463593624
2.63293492555
2.4360924928
2.91696098644
3.99920829874
3.21581046705
4.09930567786
2.6811751432
2.70440413296
3.23070358
2.96123871069
3.74692559336
3.72670529874
3.19752962617
3.58626535996
2.24584088343
3.59924906723
2.9374081843
4.05695771226
3.0874890705
2.68431079518
2.04494052548
3.2851412414
3.46558757628
2.86885089526
2.73405119483
3.17312169182
3.62670807602
2.4730380696
4.09301059022
3.83857797152
2.27438909637
3.40913044593
2.67894323556
2.74273417562
4.63135223425
2.53883280624
2.83797980897
3.21006677729
2.31934793857
2.39979002654
2.50631452116
2.90618851331
2.54184848648
3.46412318598
4.14766656798
3.15048323055
3.27586634462
3.53986048097
3.54104654819
2.32622150643
1.86777010685
3.66125708084
2.21697291622
3.01971314468
3.1594935908
3.17636282465
2.77109149966
3.94155743681
4.17700144256
3.06880259197
2.68856391499
3.54326214531
2.71707394948
3.8095538072
3.02626195955
3.96603386523
2.7338773851
3.52782347087
2.67607559899
3.28147446683
3.09023658208
3.32707296349
3.42226682128
3.80925218548
2.72003439169
3.40866638426
3.90455216428
3.09862499329
2.74428149995
3.49087306791
3.35878792228
3.38028634289
2.56147350787
2.34943839809
2.91586307627
2.92286258872
4.65905231045
3.11935118033
2.51106425994
4.04638599255
3.84330023526
1.97195802663
3.46352248853
3.14621975589
2.88483615181
3.16097654595
3.2773064888
2.86223254978
3.72986363933
3.87236332744
4.0932376575
2.96123998538
2.72824552827
3.52200920053
3.52020297854
3.1119709837
2.94419373959
3.2326591921
3.13930842228
3.42166184151
3.59459298143
3.54175766693
3.80169878865
3.81361810827
4.20520179421
3.15569225502
2.801476577
4.14859993743
2.26015536196
3.14174141668
3.36832184429
3.69336759857
3.32501550256
3.63389827814
3.96680404364
2.87128005607
4.18603119445
3.99278063039
4.20426595176
3.6284167272
2.2637227886
2.56212296102
3.59567687004
2.35050640698
2.9744124094
2.24800879938
2.56341008322
2.2460578491
3.01664003953
2.70300314093
3.14035737088
2.16868071961
2.63445864613
3.10090933708
4.42384146679
3.73888313621
3.51265944978
2.85925034137
3.27421016703
2.95051973962
3.09480314406
3.76836899027
3.65304472875
2.66651125952
3.15633017742
3.58298454497
2.69354468507
2.78497047458
3.41178317807
3.62693566895
3.74838463855
4.09598486322
3.45349174584
3.52506738333
2.19446889506
3.26962336724
3.17695690818
3.78425612397
4.18765109754
2.44492939042
2.61900922597
4.06099046149
3.37822906964
2.47084533859
2.52556178724
3.7118493304
4.00599856355
2.8849871387
3.45799156105
2.40716048806
1.82154195986
4.13849686436
2.96969146959
3.43625834751
4.0791666325
2.76085376153
2.22941322377
3.40921871675
3.59559556978
2.63476615532
3.50258722674
3.88974847142
2.78828555486
2.9269632069
2.70215316445
2.38893250392
2.03034156003
3.27196444231
3.57947150391
2.8861463052
3.35191143069
3.56844219027
2.89645362799
3.18869926849
3.6457938063
3.34702048066
3.5944742623
3.62240232968
2.96991757521
3.58038614362
3.59344017534
2.81374998949
3.20451889741
2.72712514048
2.70959880308
3.32789021114
3.8044471679
3.05377006505
1.92974089201
3.28656324825
3.62610531897
3.0249264224
3.84250809668
3.94168792179
3.31984063136
2.99150895761
1.96813939599
4.03839341226
3.32899237974
2.35397934386
1.55280469136
4.4761387363
3.93372358842
3.66158109363
3.53716380311
3.78350579768
3.51279975853
3.4317010801
2.9877382864
3.21100559867
2.91853943289
3.89757773178
2.10872818201
2.44105923565
3.25629436741
3.86296511281
4.05033660143
3.78400049829
3.11189292307
3.6682633662
3.36067706792
2.78551787878
3.33444682159
4.1730328244
3.30774965219
3.42987052851
2.91025278378
3.482673717
3.67933597371
3.02196378978
4.27139884473
3.09567026001
3.50050686986
2.79588014161
3.94406421512
3.47932945438
3.20890972673
3.70487203134
2.97368900865
3.35946960043
3.71671290313
2.9999264549
2.66205849957
3.15012280968
4.28901075657
2.34637612988
4.01589449923
3.19731228518
2.73644431026
2.15403632096
2.73669418957
4.25429082423
4.17021397801
3.43585475607
3.21040551474
1.80381840038
3.31665649266
3.38276224185
4.03170501678
2.91482635308
2.94136077813
2.24462212842
3.59503624614
3.64459422985
2.25991319781
3.19651339178
1.98481527777
1.88964755285
2.60504450455
3.56794889025
2.46982899375
3.5008872686
2.44260588882
2.12011263784
4.12160322216
4.2107105793
1.88929004935
4.45544082105
3.35411081935
3.00950935218
4.21045669235
3.06295298376
3.25002963502
2.68287724504
2.8259935031
2.08139473796
2.17225690049
2.70808432173
4.18092784276
3.58414622578
2.6599789114
2.8032166255
2.76759475975
4.31129697516
3.72265779287
3.26234972932
2.97445589851
3.56604215004
4.3423981378
2.84265878802
2.91951464188
2.73575729172
3.10119390554
3.29986384976
3.40573114712
2.37523137094
2.87142059703
3.51273816926
3.69347174526
2.39505721453
3.03707413576
2.68938394515
3.21708680589
3.68618097692
3.24491816138
2.98551930209
2.81020532139
3.19482274409
2.65858001032
3.00647553478
3.56753281267
2.87114449981
3.45666887506
3.72021958783
3.15295924716
3.99227409485
3.90721000032
3.75610821917
2.9779937815
3.77077672431
3.11505392909
3.32711188452
2.87760052541
2.45428195934
3.13781533198
4.36114253449
4.12315429274
3.94199959891
3.16863647935
2.45556820386
2.87559729837
3.04958359045
2.77716271043
2.84163370539
2.78972512828
2.89341448636
3.36181426076
3.33771841732
2.86844015172
3.40045701442
3.54707553123
3.4169558657
2.63434385503
3.45331154683
2.53175432166
3.04047374644
2.04178989747
3.13736747958
2.65554007465
3.62762680535
1.98429379653
1.34169457414
1.91541713237
2.32854486234
3.57821931122
2.32873541785
0.662938337556
2.75239799989
1.0383923887
3.81822131413
2.26027634164
1.16574911629
1.65958028469
1.51724581098
1.30050216473
2.7589102735
2.34567364708
1.55055010993
2.25135875151
2.16926473103
1.23523862125
3.01025511812
2.19203556359
5
1.41149763352
2.84121511751
4.84006291602
1.23515095508
1.45902595553
1.82106357132
1.15262862718
2.57697124746
1.63515741337
1.48327813727
0.78049105689
0.986357661992
4.37274843232
2.16388757955
3.44280354266
4.07973468854
0.872208677712
1.99040251468
4.50473120736
3.63466964965
3.93223829709
3.19341673041
3.22951627212
2.05628965148
1.05220978262
1.63841485621
4.07486194176
1.54080551738
4.13727164018
1.94059322311
2.0565423204
2.64023721908
2.32333338621
2.59684495827
4.87896340169
1.52514007076
3.74242856248
3.84187824737
1.00872035907
1.27715487657
2.32936571667
3.0762402447
1.44082733345
2.36663405263
1.33297103884
3.74447069323
2.13975756823
1.92513905618
1.39544050229
1.15692480587
4.85998426815
4.0072716894
3.24334506326
1.47159964648
1.59702081312
3.98765287797
4.02340001741
1.29008686419
1.27468883159
0.673272451453
0.852933607458
0.977033434295
0.951849323617
1.11622832878
0.910171142699
4.94041907063
3.22698615156
3.28004541834
2.6071266295
2.1985256765
2.52050259944
3.261392884
3.23875105979
2.11964282973
3.4614086772
3.95302615315
2.13433194918
2.38508395792
0.925245227032
3.23351546177
3.54264819463
2.2148530371
3.63013344949
1.66226346159
2.57490348778
1.16447895026
0.50694858158
1.04342183245
4.08558712107
1.30206830574
1.71604289088
3.20542852164
2.01867180714
3.25352082962
2.48160403226
1.14911768225
1.75630109401
2.03851789047
0.599650364778
1.07120233605
2.7155221076
4.23008557113
1.81942364819
4.07449455266
1.0535158342
1.639032711
4.27384525919
0.955982518505
0.394177293042
0.765443725109
1.69762413936
2.85070913187
1.36702278261
1.58935600302
2.8244220254
1.75652926778
3.9515319649
1.36286583816
2.15075028309
1.5229133527
2.35771146781
2.29815642974
2.06390826521
3.59967749943
1.32771865945
0.680549303357
0.917599742439
0.737380943889
2.42113527122
2.81644825535
2.52500277953
1.40495283113
1.31903322461
1.96910864421
1.10025696087
1.33259563009
1.5882811205
2.53392703154
4.01620663963
0.805925985987
3.20258214534
1.79302259163
2.33562539827
2.67392082031
2.33376835118
3.39583456503
1.86216294241
1.07266225531
0.968177628318
1.20451219156
3.45949769616
3.14933667475
0.835503485212
2.3655364252
0.973900858492
4.86475198715
3.14087036103
1.25304523617
2.70133237049
2.1393390668
3.02301289471
1.52811751757
1.07580191093
1.43399410017
1.0808721353
1.03010573908
0.882683361602
2.27446658183
1.18695711697
1.72441109578
1.57530789644
1.60540133481
1.34142822863
1.60960547989
1.61703325162
2.60496795607
0.871810530705
2.36506439721
2.94964631448
0.729408487154
0.991980153317
3.7691577863
2.65852134974
1.62009182704
1.31523561272
1.33907393733
3.46347702112
3.07471206795
3.86539826262
2.83018672466
1.39489387958
3.52332874413
2.40711328368
4.13740192708
1.43878590906
3.05331441233
0.651507340408
2.69082645792
5
3.67624474429
2.41305604526
1.9825137621
2.75033160032
1.10403291584
2.2807274382
1.29231651592
4.22060885013
3.21533529029
3.5814769045
1.21771967129
4.97232280897
1.17327789761
1.41592219768
1.12877417078
1.38484654962
3.71163423005
1.07162333088
4.90150435626
1.21001765647
0.934147684167
4.55908890079
2.29091033476
2.91728033184
2.35855108114
1.46339207934
3.14001718232
3.3501715521
0.977954336464
3.27473965415
3.38195269307
2.69755917422
4.1432323353
3.18434088081
4.29168722248
2.99825097768
4.61275025947
4.54083582327
4.14200930455
3.76889214086
4.11899097553
2.70081688643
4.34248253388
4.03843352356
3.94537551821
3.27491900656
3.11681411862
4.27730659097
4.0412989648
3.89361727621
3.01639986033
4.18022618532
2.5711022748
3.52217978672
4.0917114213
2.3323706255
4.41371639092
3.18520974787
4.25886859142
2.99365307832
2.76802563319
4.78471616755
3.27596526882
3.75015692187
2.70257793743
2.60657752358
4.34899979476
3.73728043107
4.40543091915
3.10241208664
4.04826195239
4.25685472323
4.38851728866
4.5027693449
2.86491037923
2.62141636573
3.42800678862
2.36511928985
2.13678091763
1.9663709171
3.53163410034
3.35013712361
2.52124039258
2.9129101676
4.30911338444
3.34286952534
4.53685489228
2.8478203048
3.34972116018
2.83907535946
3.92583815043
3.05405678804
3.04421208807
4.04252415001
3.48036089022
3.69148920834
2.60408799234
4.39592417195
3.90003612431
4.15705325991
2.86801255993
3.2185312916
4.24820965956
3.65325125835
3.86987918147
3.37973293552
3.18152705262
3.86194562047
3.48426408268
3.61112297348
3.22121078853
3.00861721463
3.09459084728
3.77035125801
4.5730057672
4.37275124654
2.32322184034
3.24082976735
2.53103575531
4.01465165598
0.845575024523
4.06027440475
3.02795058731
4.36827209863
4.12170489218
4.34830047244
2.9487559927
3.7830692643
4.43715075366
3.08199696604
4.77616646059
2.93883158203
3.16121723678
3.84617383229
4.51136696178
4.51762837585
3.27220370562
3.6854967509
2.92019149628
2.76067600716
3.90697623378
2.89334579049
2.98739557006
4.07451804724
3.98503443261
2.71027527419
4.14377410937
3.71294964586
4.1611326404
4.24679274877
4.41469508767
2.64548002018
3.23844734388
3.39983623405
3.20844396899
4.01864607703
4.25539343393
3.00031098766
3.38764743222
3.3525714638
3.41807100967
3.07612288932
3.51804633303
2.96343397693
3.15202636373
3.05230890456
3.32653542868
4.62249377527
2.8466829681
3.14238893671
2.14725124575
2.06346238373
4.10042126423
2.85027180178
3.0717116261
4.05910955902
3.79056494521
2.85793670203
2.41190782067
3.58920147199
4.62220929004
2.46683762572
2.32526721589
1.63955507209
4.58696688319
3.18590690274
1.24691332123
2.01677723097
4.11776676194
4.00347761577
2.6941055049
3.27088914417
2.30183394325
1.07621103306
4.39838605295
3.42836981735
2.00868601043
4.97692686814
4.00347761577
4.35295953801
3.04959330809
3.8023417142
3.90697623378
2.34834776948
2.51110028629
3.48702589821
3.24784812522
4.50074978482
4.95841645982
3.1723932276
2.89237665881
2.32514464187
3.10362470999
2.61434974912
3.53884422059
2.54526838641
4.0551682918
2.82335976282
2.82384872968
4.1026204939
4.68933441047
2.81142942364
4.24837722821
2.69698724751
3.12015184288
4.19451903129
4.09893493515
2.02992819574
4.47399339516
4.41057439625
4.39977537985
3.03844440546
3.53909631403
3.98998904761
2.06261450181
3.18883264381
3.40675661955
2.49397850841
3.51810027953
2.33070312789
4.05351173313
3.37229279762
4.82708383592
4.4890260988
4.28331355675
3.25725921011
4.67849583674
3.32122107085
2.80524828973
3.60197142963
2.70429471784
2.34930524777
3.20490039612
4.47476073745
3.95969239322
4.42724509019
4.21371327628
2.66854989669
2.43853648758
2.60534242163
2.6953888287
3.5848435219
4.683118255
0.772218153531
2.29497519653
2.28568942877
3.04961956146
3.46670443138
2.74211304793
3.23235872823
2.86889150596
3.54766845761
4.21535119952
2.40801033442
2.98250334242
3.9223490417
3.84036870299
3.0063264657
4.31982285144
4.26809373781
2.32980191504
4.50755917258
4.22865244068
4.20675112858
4.3518875802
4.24763702632
4.2086034883
2.37065330677
3.43816359667
4.02407623344
4.25736818497
4.31717651452
4.30620578043
3.00068695754
4.25208661659
4.6591024344
4.20419603849
4.1711078822
4.36230302427
4.09764352808
3.92876719004
4.04891239088
4.38659116987
2.96876022576
4.48132949031
3.16898319254
3.5746555343
3.38234522479
2.1888497027
4.21535119952
4.2476823903
4.02407623344
4.61846935069
4.18796421188
1.34140072806
3.13569954057
2.96236053365
3.4178253784
4.28769461442
4.04291547219
3.82281464725
4.3277186435
3.49130325695
4.36799929336
4.24029881733
4.80374089536
4.1117994121
3.63627682818
4.25674832153
4.19779950685
3.4702619819
4.77985075895
4.19067709091
3.39637097071
3.68524280049
4.39160060751
3.93817957775
4.36220219441
3.84839627081
4.17671999424
4.36357952953
3.25951962972
4.62642743899
4.11658000146
3.41605155424
3.70124068876
2.61833243786
4.18367667026
3.6985239119
3.94467478684
4.19661950098
4.03503106008
4.68760300028
3.08540531619
4.7320606854
4.38222900902
3.16985631277
4.47074080026
3.36486408363
3.56314913329
4.33533214142
4.10703149462
3.56071862342
4.03659193591
0.524686280442
4.09764352808
4.42055785559
4.2219619241
3.46458485738
4.19039860309
3.8455321635
3.41537831517
4.23877043242
4.21655683228
4.4089976716
3.42801862728
3.44301511012
4.14947349742
3.8588502403
3.53174767573
4.39578185781
4.08747685506
4.33752070648
4.65274351963
3.56071862342
4.2562005669
3.49387935599
3.43063387044
4.046898533
4.13831644713
4.43391056448
3.70501622482
4.25159762458
4.20675112858
3.41101046693
3.29864516673
4.36799929336
4.18265434308
3.20256294886
4.24735421182
4.0857054099
4.21436996501
3.4254426314
3.57506337906
4.08799809455
4.07078263985
4.12408098053
4.52547126819
4.73174309603
3.64315969418
4.1190735321
4.67924446224
4.19253500624
4.38511921755
4.51199967402
1.29361332273
4.16117800891
3.21590993214
3.76679920205
3.8652008296
4.33957698632
4.06075156079
4.91866787769
4.02407623344
4.23716749432
4.23792665353
3.2170402242
4.01754144058
4.23346331291
4.49772413424
3.62388567092
4.23877043242
4.09764352808
4.25222773389
4.24974009192
3.42205785535
3.91560916382
4.32854620395
3.89937510236
4.44517713307
0.439565250704
3.91513823961
3.27365137547
4.00571453948
4.2086034883
4.23684158414
4.55147610815
4.98082233809
3.63282098446
3.80435159631
2.60456637503
4.50496111316
4.3973902847
4.12267422041
4.11567670218
3.27625704095
2.13527320408
4.63252572758
3.67096286243
4.11647750114
4.35934240417
4.33839786637
3.12915329462
4.15980232821
3.30661293377
4.26989596198
3.68395803876
4.21535119952
4.34699892944
4.26129231839
3.75743416172
4.27830544529
4.24400672016
4.07020804715
3.59404842405
4.19587068741
3.80012886251
4.11658000146
3.68954323215
3.84000013388
3.38200990444
4.15304467631
4.03545163151
4.24887308155
4.78665666508
3.46733763979
4.55238161942
4.18171876433
4.03503106008
4.03192301698
4.34882441181
4.61324990147
4.05289644308
4.21535119952
3.78463984685
4.55245338277
4.10865122525
4.22960385222
4.55446239961
4.35318180805
3.41050017431
3.66339276353
4.3794462375
4.57216296208
3.82416740821
4.24399231321
3.59924761697
4.13815059793
3.76240961848
4.06623475914
3.78237014297
4.21097589001
4.09764352808
2.92791085838
4.2245060158
3.30139914607
3.14346927028
2.58715469976
4.71857870329
4.23953562977
4.09475893758
4.99644865115
4.57822380646
2.14658644247
4.1437753418
3.61820301296
1.16818844244
2.33268652251
1.86919978996
0.885369123478
1.04031237098
1.55474185802
4.15896650189
3.31991530223
4.77142362192
2.81528768285
4.21491509529
2.12797126058
3.1755497025
2.3645016148
2.9740042929
1.91644068363
2.99847972816
2.79231547911
2.84060563769
3.35338069427
3.74724926777
2.09094764499
3.24576351236
4.30591514507
3.46451989739
3.67440479338
3.66732461246
2.69849183582
2.53612840627
1.48704023048
3.78824601219
1.61841567128
4.41537035933
0.289309018615
2.95394854713
2.60117197984
4.56907644003
2.98012155076
2.26982868676
1.97675187534
1.74486203332
1.56654665223
1.83877408138
3.06913205341
4.28090789322
2.12285371763
1.80874298296
2.54418576598
1.69703308215
4.15546446214
1.00235149894
2.99221959297
1.70262431962
1.96351560045
1.83856220689
1.63024773194
1.00194539916
1.30247635043
2.67679938678
1.20068913116
1.57455273683
2.78929833507
1.20706314703
0.903631094766
2.15148867687
3.00054952249
1.59734598295
1.23712493945
1.38044128503
1.69908789681
2.52663498669
2.71406075881
2.99729726249
2.76295904978
3.14944929171
4.08242717341
1.746620224
4.52227794715
4.46809494044
2.97738646174
3.77483367028
2.96866705928
2.62276556805
2.87074693651
2.20346842458
4.53829305849
2.34586242866
2.73932018216
4.54897885614
2.83298287769
2.62837020111
2.41765195393
1.66431918513
3.13810244991
1.86605695462
2.99253419175
2.0101494967
4.02602331852
3.87381565828
2.83556364219
3.73208511557
2.74562189963
4.22682971288
1.70869657431
4.36884367522
3.44550791516
3.60747207934
1.96954509728
2.37311326636
4.1763112187
2.65113950186
3.09718810295
4.0080160024
1.43816887208
1.30563861021
4.46406130642
2.06154644439
4.40809747059
2.3989371365
2.70838496188
2.65894257593
1.36721467655
2.1206246911
4.25984621282
3.76703376246
2.41715408015
3.90728573001
1.99675290846
3.54941732994
3.29592680283
2.07667018822
2.61871232232
3.98314812595
3.04164225151
3.23636771796
1.15904322026
4.36952079122
3.90938188763
2.02179911094
4.32927357963
2.68734955495
1.90789383765
3.54432727917
3.17870805267
3.30048040604
4.22705621378
3.87985173354
3.27179740787
1.5550525712
1.36066466177
3.92186304477
3.06040299121
3.43097064597
2.49604673217
2.45310090933
3.98699734434
3.55366199025
4.4001114483
2.13019763189
3.50941469889
3.87478306094
1.88183157142
3.98694452151
4.28336173059
3.57941735334
3.97010341641
3.20562960073
1.77456812045
4.46842201861
3.91264592286
3.76012250122
3.72260915181
2.99567926795
4.26245266354
2.60150485831
3.7284220675
3.74645550143
2.29008625607
4.48169258431
3.2325909164
3.7643116331
4.37867901478
2.93377592503
3.23657856491
1.74571913037
2.12422834508
4.05333128336
2.11975816966
1.25312688348
3.38990718067
4.32759210143
3.54839053322
2.76285750557
3.93584273653
3.04384175819
2.73953711315
3.31254032141
2.55412458755
3.35640913822
3.48581614911
1.03327983341
2.42302251148
2.11154039671
3.40275795594
1.33270564287
1.66679864448
2.97481220629
3.030648023
1.70823485691
3.49386764701
2.16042436929
1.28607843011
3.36659713185
4.14462484436
1.95635961153
2.22623106182
1.19030070307
4.07397221838
2.94625401392
4.05769303079
3.35771627439
3.55231803204
3.79648023612
2.21530211786
2.711695917
3.14677603604
1.55567369192
1.64107118058
2.85061154463
0.965454526946
3.22032338073
3.67158252908
4.3353666656
1.95514848666
3.47417153553
4.23480773142
3.70021718881
2.24322312525
2.35343482312
3.05228025832
1.9612541047
3.78053162159
1.60858032042
3.04881347418
2.60004003739
2.07127718562
4.35752725942
4.20827709515
2.75598949968
4.00968918034
2.17663402556
4.14480925938
1.68067787617
3.97274686666
2.9061082528
2.94223965508
2.45514510747
3.93227473012
3.01772782436
2.10092205134
3.3813060467
3.39180861731
3.35383170391
2.6105192427
3.1801512065
3.26005842946
3.27175890204
4.27821780667
1.03973266961
2.83635800846
3.2878548218
3.33198229252
1.86618826254
2.12963517521
4.02366675574
1.81372664147
2.41945617762
4.24173831035
2.74520437576
3.55378653034
2.27504411794
2.89759276947
2.81816460072
3.45394250126
1.9814497908
3.13020487609
1.87446573577
4.23787785609
3.22977978985
2.35775398966
1.29890031899
2.60150485831
1.23715348408
1.0790796031
3.24221495783
2.64941202452
2.62441072504
2.46672408055
1.59801210506
1.62537433023
3.17343129519
3.29437553434
3.43325552102
3.39327326132
3.40520136301
3.1807935999
2.99122208063
4.31405088603
2.36472285498
2.70909255231
3.1273335073
3.42700668647
2.68074898156
4.42971051572
3.34084803624
2.76774731983
2.63449417367
3.41658747444
4.14857909167
3.01103104714
2.56766561287
4.14234687534
3.5131844376
4.36327060638
3.42041200784
2.55049666258
2.90547095198
2.34586768925
3.22162462469
4.23477367687
2.86638810917
3.44335212841
3.26619767031
3.59869800561
2.79543001706
2.99775671365
3.04634213932
3.58920147199
3.64893780678
2.85919419852
3.414536126
2.70696510307
2.50442251499
3.4489653461
2.99156278367
2.70130539297
2.59692662918
4.03420398915
2.6546790488
2.34556475944
4.36706766481
2.57372220894
2.82971750487
3.12418180935
4.16626171949
3.16079857721
2.43940558624
3.55149911766
3.26585035228
2.31110467098
2.43266891359
3.29076746849
2.87106680846
2.94561423561
3.78880980762
3.1745812089
2.69379124489
3.02321855639
4.84066648346
2.16286869247
2.79822259086
2.76363639396
3.47625403204
4.2029277289
1.80875308332
3.63004717933
3.89690582184
3.62244156287
2.70977951089
3.25274771029
2.80039021507
3.40031291285
3.39472750916
3.07474858097
2.56721696384
2.87945665177
2.54845710055
2.63477557056
2.9128322603
2.72120093816
2.87053180324
2.43628291046
2.92048016828
2.75687440457
3.80468493633
4.10796001443
2.97180327457
3.97894610292
2.27773029125
2.94933760674
1.93477541567
2.70336273086
2.38185476493
1.78271440417
2.31060864534
3.12716968872
3.00468498897
3.75162467514
3.57485276041
2.96593784717
2.05611348711
3.16594611749
3.0687517352
3.37043416247
3.08762542065
1.8978932244
2.36960197237
3.2422821003
3.58069415854
3.11732648125
3.61223305742
3.06536224142
3.46639613835
4.33512370627
2.79079411409
2.87991396641
3.12164586379
3.20317903966
2.55591243184
4.18265434308
4.28160161136
2.92682001389
2.51207906412
4.42851956807
3.25999641694
3.11243192727
2.17144875567
2.2771373279
2.32718898753
3.07825862238
2.38137188553
1.81743733067
2.57650197653
3.55351611659
2.98986048485
2.93540934211
3.01562703407
3.42667019398
3.61633331576
4.3663577669
4.2181735781
3.68632077297
3.19767620634
3.98709105949
3.10382382027
2.91075243541
3.15507539157
2.89381486654
2.71272467226
3.06818250384
3.2963372982
3.56349059993
3.20923628007
3.62006856342
3.03769776896
2.77477353595
2.47646214356
3.0731248399
3.16300931704
3.01964805538
3.31905547374
3.14386024553
2.22023244497
3.07089579662
2.7955973526
2.67343329391
3.52174248661
2.11225454001
2.14410816062
3.20639771337
3.38836245564
3.59330994972
2.98486452197
2.71689887433
2.16767731282
2.06877163536
3.13117081212
3.00524387118
2.80016674984
3.51897380834
3.68218819716
4.22496409689
2.71967141913
3.22259582892
3.53338105559
2.736503366
2.55960773893
2.70909255231
2.67127343665
3.3203365959
2.56424853283
2.43107288915
2.72146942346
3.44822432229
4.2037107643
2.20598852418
4.26054553731
2.42061462578
4.0222956697
3.5235496732
2.94370528165
2.71655038139
2.5277916136
1.88406403864
2.65558666271
3.162257416
4.28033533772
2.96600192216
1.95752102375
2.58530636503
3.86194562047
4.05517142226
3.13947369176
4.29728750628
2.50894873052
2.55759284992
3.43693877317
4.57555192632
2.5331840617
4.08354549628
0.713369344786
3.46929302927
4.23159024937
3.18216121814
2.76510982666
3.1365601647
2.58014363569
0.680180867291
3.80848152824
4.01864607703
4.18025728611
3.20675025531
2.21431576004
0.423221211425
4.15186876722
3.61595888541
2.81858208432
2.98764176314
4.07020804715
2.65661227175
4.01988540279
2.76054888575
4.12556622361
3.2633080306
3.697119659
4.16590377867
2.76390796374
3.37422015179
4.34674181256
2.8144522037
3.5349001953
3.22721469164
2.01119849248
2.99809199906
3.11804397506
2.7317484212
3.69781969138
2.71909355033
2.12823744999
2.71746497649
3.32943964859
2.41234159794
4.25162533773
4.175901741
4.32516895011
3.14412661793
4.42977907724
2.64892339678
4.40406925296
2.55721863777
2.97723464876
3.38921424219
3.98451178242
4.37522609218
3.08540076575
2.33749721156
0.928929441399
3.29410811354
3.84689110136
4.17703095575
4.25225862113
1.96055614548
4.62090210041
4.47747703754
4.02832137417
3.51976077397
3.16784335946
2.34283253637
3.28968838168
3.3833890407
4.25140593422
3.11193477164
4.21132921067
3.93551291512
3.96437623922
4.19200109236
2.67806546032
1.67405321357
4.24547278487
2.83167579033
3.12517039843
4.25689524346
3.92544744426
4.26713120903
3.09932212927
3.92638325006
3.42945491748
0.68193258661
3.48709174236
3.01274623069
2.19507471648
4.0875074773
2.26293950076
2.97123343859
4.42777767776
2.367624458
3.20996407369
3.60724469607
3.79535441185
2.45660848749
4.2052182612
2.84175876255
3.47993452825
2.07721758183
3.33048083711
1.7581234657
4.26016841372
3.46999649663
3.19945189604
4.02832137417
4.16972731783
3.74776938153
2.55603273778
4.42540950317
4.15093872115
3.03092322868
3.97005493823
3.07894220604
4.16052405708
3.33739299257
3.24410035842
3.28395958855
2.85915895208
3.97333123835
1.97915626799
3.0313343699
3.31135434153
4.11024043949
4.13261812469
3.31795228729
2.42162268647
3.280474967
2.48649151626
3.5563875226
2.70627834826
3.69781969138
4.322058938
4.3284130643
3.07189473398
1.9543312826
3.32621314274
4.08783455546
3.30065285714
4.02422342235
3.65863846621
3.75385682063
3.11629011452
2.30775618205
3.39685604481
2.69310443238
2.06156204572
4.27061333273
4.02370965716
2.12177061366
2.90244344406
1.01138178319
2.45772448379
3.29791017835
2.33154885204
4.0875074773
3.92997218172
3.06614148192
3.14914875165
3.34910292456
3.18409091703
2.93169347761
1.31654374966
3.1636222361
3.23061428266
2.20857399292
4.11101939984
3.52535719453
4.15093872115
4.586953282
1.40104506519
2.44893881382
3.18378745557
4.14004104499
2.30265663065
3.07908827757
3.35964578732
2.76835840468
3.02528587313
4.16889855298
3.61729798597
2.93388541633
3.85987402832
4.02445752808
3.21992181864
3.19573714848
4.62629692141
2.64124747827
3.744722796
3.97254547643
4.08799809455
4.32101875084
3.1218017027
3.00131568436
4.42776202404
0.751788011865
3.61566033201
3.38298122676
2.69931115573
4.20827869306
3.43832043152
4.229494471
4.32101875084
2.91191678212
4.15093872115
3.28994576015
2.91093662898
2.13177161727
4.51484853324
3.59815864992
3.27104059929
3.99838553381
3.04789663382
2.27061408757
2.30370712762
3.38921424219
3.10881365466
1.03836316745
1.72286103502
4.18862062717
2.72498452578
4.16140033778
2.4090501517
3.27035259846
2.55386982563
4.15093872115
4.36047270711
4.08354549628
4.12556622361
3.27362255479
2.03668377401
4.00326182032
3.84760558644
3.50003358425
4.30687719787
4.62726275909
3.70176877665
2.1447999387
3.88537798531
2.7792718393
3.82531782125
3.62315996291
4.13369686065
2.63887689142
4.89862498103
1.46559486253
2.30415344832
2.71442641226
4.17655307175
3.20653806809
2.38798912451
4.09814997905
4.54530939134
4.48747429816
3.81826985046
3.55757706975
3.31111008582
4.32398566555
2.95904127737
4.21064344805
3.16982675815
5
3.99860646047
3.12636403653
3.86815056059
3.24490160355
4.33419687934
1.7969182312
4.54789553755
0.4785918292
4.07888409249
3.135673353
3.56135152369
3.44767810604
3.1128835554
2.3061109728
4.5315261843
1.90502853445
3.49357014476
3.58412800835
2.93904491321
4.3348994211
3.89274987368
4.00652667557
1.89036877653
3.09814398969
4.48857472423
3.99057164142
2.67707812006
2.60266466136
3.84783180429
3.81480619703
3.09025301807
2.61117034776
2.0491073559
3.6040998025
4.19322621706
4.03186112756
3.37808528329
4.67458736108
1.53254951615
4.18265434308
4.28258798736
4.19355189986
3.05235348865
4.10900400238
4.32576678662
2.68175193314
4.42741807132
1.64102440704
1.4809574637
1.96515233036
4.13193831129
4.56455208924
2.90945805014
4.0172642592
3.80065857223
1.36026021373
4.09586741503
3.46000233278
3.9010668578
3.62451732373
4.25624568412
3.77294404366
4.31334052899
3.81175927195
2.59680059764
2.32428815615
4.46454265289
3.66517806564
3.16297504338
2.71458402371
4.61451866673
3.42530202965
3.03469265693
3.17382935998
4.48087763168
3.18413171195
3.98436220771
1.844013929
3.37059163771
3.20552851246
3.1159397761
4.16590377867
3.53752590358
2.19562616795
4.0222956697
4.00602692303
1.8616308375
3.9632439298
4.02665786327
2.93355127927
4.15503046772
3.59771483617
2.62292590887
2.22178194386
3.08263304655
4.27932088501
2.03682737443
4.0875074773
2.81422067047
1.89866589493
4.16099469078
2.87089876909
3.63083427894
2.1005186137
3.43413644271
2.99105093598
2.39191678998
3.89721374572
2.83978479212
1.52831745733
4.60428554931
3.41738706959
4.69506396085
1.67971680093
1.77023688063
2.98084215907
2.6477094886
2.46685957165
3.26456078653
4.19558868864
3.11401130926
5
4.54677468773
2.49667147908
2.50250717596
3.09854270914
3.29612018502
4.75393859463
2.88197894038
4.14875516324
3.65331710635
4.28005684486
2.55492672902
2.23972436859
2.13984451047
3.2986420147
4.0875074773
4.1888712083
4.12589416929
4.19817156995
3.45786466757
2.17279500306
2.19193161219
2.50087790181
4.308671511
4.5360191991
3.3360741364
4.30012238935
2.23109099734
1.5243482177
2.29959448519
4.35604358954
3.43546428263
3.31559416028
1.61902288195
2.8111770654
1.52672033425
2.38442924514
3.68306636824
3.70934307451
1.96104064738
4.34553981053
4.47571572499
4.16381123319
1.98179423669
3.92928490978
3.08900413806
3.98831570941
4.07549228143
2.36640693031
3.88300703816
1.9329762207
3.9147246446
2.8885677205
3.91128767693
1.57953390178
3.94903308501
1.94698021726
4.67542511226
2.46683652192
3.24722098741
4.57740370908
1.70358722663
2.6178651674
2.13396101543
1.87161034334
4.32843764449
2.45156428892
3.01673891818
4.23345985797
2.61920830603
2.8649147915
5
2.17525633323
3.55195844233
3.99549810044
3.13759669158
3.5833178432
2.81360531331
1.35738732145
1.47164378934
2.59121403003
3.10370215085
3.54964618661
2.00109798536
3.9788644597
3.95718899583
1.98462884286
3.10028984414
3.12080623124
1.71430424945
4.20522950115
3.87008262113
4.61510822904
3.84449334033
2.68782488272
3.70692001415
4.11140531759
3.41338364029
3.33869925116
3.69931999735
3.40901014774
3.13380513471
3.26527115596
3.38138353114
3.78549226082
4.16717475759
3.42871187422
3.58614093021
4.42250983148
3.69462174911
3.62014456289
1.82285472376
3.00270673028
3.3115715578
4.17145518916
3.40861855851
4.65480213941
3.5015311594
3.6207239234
3.15669800087
3.48189871414
3.76429956117
3.89496370259
3.83640009752
3.27721234265
3.47139901058
3.12515172646
3.6721386461
4.08736738023
3.48342672841
3.184327662
3.63737254931
3.01748894417
3.37931898602
3.70697860879
3.46400968777
2.23100767145
3.35004888402
3.37538898337
3.17677638078
1.64386335324
2.40377042801
3.39141947298
2.47157297411
3.98069574116
2.669274858
3.10158050016
1.98303796333
3.71273419262
3.39383273495
3.72312612328
2.67688599257
2.10861468792
4.25984004518
4.02407623344
3.31267055646
2.1697578863
2.91190396206
1.54564468861
2.62420608206
4.7563675174
2.79289180206
1.89112235475
3.47100801136
4.45544818119
2.99540421624
2.43019507289
2.96205776741
1.56426112219
2.76835637028
1.24854854512
2.49652733957
2.20900753811
1.83095939203
2.29206433516
2.8192766891
2.59356849415
1.2585058167
2.20745767025
4.30189614999
1.66269189854
2.95128859461
1.98340980528
2.2861229826
3.62762058764
3.14053428442
2.15354430833
1.78338120146
2.0772081915
2.4346456307
3.61745384996
1.72231442391
2.97546773904
1.138377791
1.51197192032
2.51109853922
2.33730925386
